    nm         	 V
9.628967e+001	-1.165125e+000
9.619201e+001	-1.170375e+000
9.609435e+001	-1.170750e+000
9.599670e+001	-1.172250e+000
9.589904e+001	-1.177500e+000
9.580138e+001	-1.173750e+000
9.570373e+001	-1.176000e+000
9.560607e+001	-1.177875e+000
9.550841e+001	-1.179750e+000
9.541075e+001	-1.183875e+000
9.531310e+001	-1.183125e+000
9.521544e+001	-1.182000e+000
9.511778e+001	-1.184625e+000
9.502013e+001	-1.188375e+000
9.492247e+001	-1.189125e+000
9.482481e+001	-1.191750e+000
9.472716e+001	-1.194750e+000
9.462950e+001	-1.192125e+000
9.453184e+001	-1.190250e+000
9.443418e+001	-1.197750e+000
9.433653e+001	-1.199250e+000
9.423887e+001	-1.200750e+000
9.414121e+001	-1.202250e+000
9.404356e+001	-1.200000e+000
9.394590e+001	-1.203375e+000
9.384824e+001	-1.206375e+000
9.375059e+001	-1.209000e+000
9.365293e+001	-1.210125e+000
9.355527e+001	-1.209375e+000
9.345761e+001	-1.208250e+000
9.335996e+001	-1.212375e+000
9.326230e+001	-1.218375e+000
9.316464e+001	-1.219500e+000
9.306699e+001	-1.217625e+000
9.296933e+001	-1.219500e+000
9.287167e+001	-1.220250e+000
9.277402e+001	-1.221375e+000
9.267636e+001	-1.227000e+000
9.257870e+001	-1.227750e+000
9.248105e+001	-1.226250e+000
9.238339e+001	-1.228500e+000
9.228573e+001	-1.230750e+000
9.218807e+001	-1.232625e+000
9.209042e+001	-1.236000e+000
9.199276e+001	-1.237125e+000
9.189510e+001	-1.236000e+000
9.179745e+001	-1.239000e+000
9.169979e+001	-1.240500e+000
9.160213e+001	-1.241625e+000
9.150448e+001	-1.246125e+000
9.140682e+001	-1.246500e+000
9.130916e+001	-1.244250e+000
9.121150e+001	-1.251750e+000
9.111385e+001	-1.253625e+000
9.101619e+001	-1.252500e+000
9.091853e+001	-1.254750e+000
9.082088e+001	-1.256250e+000
9.072322e+001	-1.256625e+000
9.062556e+001	-1.258875e+000
9.052791e+001	-1.261875e+000
9.043025e+001	-1.263000e+000
9.033259e+001	-1.263750e+000
9.023493e+001	-1.267125e+000
9.013728e+001	-1.267125e+000
9.003962e+001	-1.267500e+000
8.994196e+001	-1.272000e+000
8.984431e+001	-1.272000e+000
8.974665e+001	-1.275000e+000
8.964899e+001	-1.276500e+000
8.955134e+001	-1.276500e+000
8.945368e+001	-1.277625e+000
8.935602e+001	-1.280250e+000
8.925836e+001	-1.281750e+000
8.916071e+001	-1.285500e+000
8.906305e+001	-1.285875e+000
8.896539e+001	-1.285500e+000
8.886774e+001	-1.287375e+000
8.877008e+001	-1.293000e+000
8.867242e+001	-1.292250e+000
8.857477e+001	-1.292625e+000
8.847711e+001	-1.296000e+000
8.837945e+001	-1.296000e+000
8.828179e+001	-1.297500e+000
8.818414e+001	-1.301625e+000
8.808648e+001	-1.303875e+000
8.798882e+001	-1.303125e+000
8.789117e+001	-1.304625e+000
8.779351e+001	-1.307250e+000
8.769585e+001	-1.311000e+000
8.759820e+001	-1.312125e+000
8.750054e+001	-1.314375e+000
8.740288e+001	-1.313625e+000
8.730522e+001	-1.313250e+000
8.720757e+001	-1.315875e+000
8.710991e+001	-1.321875e+000
8.701225e+001	-1.324125e+000
8.691460e+001	-1.322625e+000
8.681694e+001	-1.321875e+000
8.671928e+001	-1.325250e+000
8.662163e+001	-1.326375e+000
8.652397e+001	-1.328625e+000
8.642631e+001	-1.333125e+000
8.632865e+001	-1.333875e+000
8.623100e+001	-1.334250e+000
8.613334e+001	-1.333500e+000
8.603568e+001	-1.336875e+000
8.593803e+001	-1.339875e+000
8.584037e+001	-1.340625e+000
8.574271e+001	-1.342875e+000
8.564506e+001	-1.345500e+000
8.554740e+001	-1.346625e+000
8.544974e+001	-1.347750e+000
8.535208e+001	-1.350000e+000
8.525443e+001	-1.356375e+000
8.515677e+001	-1.353000e+000
8.505911e+001	-1.353375e+000
8.496146e+001	-1.358250e+000
8.486380e+001	-1.360875e+000
8.476614e+001	-1.359750e+000
8.466849e+001	-1.363125e+000
8.457083e+001	-1.362750e+000
8.447317e+001	-1.365750e+000
8.437551e+001	-1.368750e+000
8.427786e+001	-1.372875e+000
8.418020e+001	-1.371750e+000
8.408254e+001	-1.372500e+000
8.398489e+001	-1.375125e+000
8.388723e+001	-1.374750e+000
8.378957e+001	-1.378875e+000
8.369192e+001	-1.381500e+000
8.359426e+001	-1.382625e+000
8.349660e+001	-1.382625e+000
8.339894e+001	-1.384125e+000
8.330129e+001	-1.385625e+000
8.320363e+001	-1.388250e+000
8.310597e+001	-1.392375e+000
8.300832e+001	-1.391625e+000
8.291066e+001	-1.392375e+000
8.281300e+001	-1.394250e+000
8.271535e+001	-1.396125e+000
8.261769e+001	-1.399500e+000
8.252003e+001	-1.402875e+000
8.242237e+001	-1.402500e+000
8.232472e+001	-1.401750e+000
8.222706e+001	-1.405875e+000
8.212940e+001	-1.408500e+000
8.203175e+001	-1.412625e+000
8.193409e+001	-1.413375e+000
8.183643e+001	-1.412250e+000
8.173878e+001	-1.416000e+000
8.164112e+001	-1.419000e+000
8.154346e+001	-1.422750e+000
8.144580e+001	-1.423500e+000
8.134815e+001	-1.423875e+000
8.125049e+001	-1.425000e+000
8.115283e+001	-1.425375e+000
8.105518e+001	-1.427625e+000
8.095752e+001	-1.429875e+000
8.085986e+001	-1.433625e+000
8.076221e+001	-1.437375e+000
8.066455e+001	-1.436250e+000
8.056689e+001	-1.435500e+000
8.046923e+001	-1.438875e+000
8.037158e+001	-1.442250e+000
8.027392e+001	-1.444125e+000
8.017626e+001	-1.443750e+000
8.007861e+001	-1.445250e+000
7.998095e+001	-1.447875e+000
7.988329e+001	-1.450500e+000
7.978564e+001	-1.453500e+000
7.968798e+001	-1.452750e+000
7.959032e+001	-1.455000e+000
7.949266e+001	-1.456125e+000
7.939501e+001	-1.459125e+000
7.929735e+001	-1.464750e+000
7.919969e+001	-1.463625e+000
7.910204e+001	-1.463250e+000
7.900438e+001	-1.464000e+000
7.890672e+001	-1.468500e+000
7.880907e+001	-1.470000e+000
7.871141e+001	-1.474875e+000
7.861375e+001	-1.479000e+000
7.851609e+001	-1.474500e+000
7.841844e+001	-1.473000e+000
7.832078e+001	-1.475625e+000
7.822312e+001	-1.481625e+000
7.812547e+001	-1.488375e+000
7.802781e+001	-1.486125e+000
7.793015e+001	-1.484625e+000
7.783250e+001	-1.486500e+000
7.773484e+001	-1.488000e+000
7.763718e+001	-1.491750e+000
7.753953e+001	-1.495500e+000
7.744187e+001	-1.496250e+000
7.734421e+001	-1.494375e+000
7.724655e+001	-1.497750e+000
7.714890e+001	-1.501500e+000
7.705124e+001	-1.502250e+000
7.695358e+001	-1.505625e+000
7.685593e+001	-1.509375e+000
7.675827e+001	-1.506750e+000
7.666061e+001	-1.508250e+000
7.656296e+001	-1.511625e+000
7.646530e+001	-1.513875e+000
7.636764e+001	-1.517250e+000
7.626998e+001	-1.519125e+000
7.617233e+001	-1.516500e+000
7.607467e+001	-1.518375e+000
7.597701e+001	-1.523250e+000
7.587936e+001	-1.526250e+000
7.578170e+001	-1.527000e+000
7.568404e+001	-1.528500e+000
7.558639e+001	-1.527000e+000
7.548873e+001	-1.528125e+000
7.539107e+001	-1.534875e+000
7.529341e+001	-1.535625e+000
7.519576e+001	-1.537875e+000
7.509810e+001	-1.538625e+000
7.500044e+001	-1.539750e+000
7.490279e+001	-1.542000e+000
7.480513e+001	-1.545000e+000
7.470747e+001	-1.544625e+000
7.460982e+001	-1.545375e+000
7.451216e+001	-1.552125e+000
7.441450e+001	-1.552875e+000
7.431684e+001	-1.551375e+000
7.421919e+001	-1.556625e+000
7.412153e+001	-1.558500e+000
7.402387e+001	-1.556625e+000
7.392622e+001	-1.558500e+000
7.382856e+001	-1.560000e+000
7.373090e+001	-1.564500e+000
7.363325e+001	-1.567500e+000
7.353559e+001	-1.570125e+000
7.343793e+001	-1.567500e+000
7.334027e+001	-1.568250e+000
7.324262e+001	-1.571625e+000
7.314496e+001	-1.574250e+000
7.304730e+001	-1.578375e+000
7.294965e+001	-1.582125e+000
7.285199e+001	-1.578750e+000
7.275433e+001	-1.579500e+000
7.265668e+001	-1.582500e+000
7.255902e+001	-1.587000e+000
7.246136e+001	-1.590000e+000
7.236370e+001	-1.590000e+000
7.226605e+001	-1.590750e+000
7.216839e+001	-1.589250e+000
7.207073e+001	-1.591125e+000
7.197308e+001	-1.596375e+000
7.187542e+001	-1.601625e+000
7.177776e+001	-1.600500e+000
7.168011e+001	-1.599750e+000
7.158245e+001	-1.602000e+000
7.148479e+001	-1.604625e+000
7.138713e+001	-1.605000e+000
7.128948e+001	-1.611750e+000
7.119182e+001	-1.612500e+000
7.109416e+001	-1.609875e+000
7.099651e+001	-1.612500e+000
7.089885e+001	-1.618875e+000
7.080119e+001	-1.620375e+000
7.070354e+001	-1.622250e+000
7.060588e+001	-1.620750e+000
7.050822e+001	-1.619625e+000
7.041056e+001	-1.623375e+000
7.031291e+001	-1.627125e+000
7.021525e+001	-1.630125e+000
7.011759e+001	-1.632750e+000
7.001994e+001	-1.633125e+000
6.992228e+001	-1.630125e+000
6.982462e+001	-1.633875e+000
6.972697e+001	-1.638750e+000
6.962931e+001	-1.639500e+000
6.953165e+001	-1.639500e+000
6.943399e+001	-1.644000e+000
6.933634e+001	-1.642875e+000
6.923868e+001	-1.643625e+000
6.914102e+001	-1.649625e+000
6.904337e+001	-1.650750e+000
6.894571e+001	-1.649625e+000
6.884805e+001	-1.652625e+000
6.875040e+001	-1.653375e+000
6.865274e+001	-1.654125e+000
6.855508e+001	-1.657875e+000
6.845742e+001	-1.661250e+000
6.835977e+001	-1.660125e+000
6.826211e+001	-1.659750e+000
6.816445e+001	-1.662375e+000
6.806680e+001	-1.666125e+000
6.796914e+001	-1.669875e+000
6.787148e+001	-1.671000e+000
6.777383e+001	-1.669125e+000
6.767617e+001	-1.672125e+000
6.757851e+001	-1.672125e+000
6.748085e+001	-1.674000e+000
6.738320e+001	-1.681875e+000
6.728554e+001	-1.683375e+000
6.718788e+001	-1.679250e+000
6.709023e+001	-1.680375e+000
6.699257e+001	-1.684500e+000
6.689491e+001	-1.687875e+000
6.679726e+001	-1.690875e+000
6.669960e+001	-1.690125e+000
6.660194e+001	-1.689000e+000
6.650428e+001	-1.692000e+000
6.640663e+001	-1.694250e+000
6.630897e+001	-1.698750e+000
6.621131e+001	-1.700625e+000
6.611366e+001	-1.700250e+000
6.601600e+001	-1.701000e+000
6.591834e+001	-1.702500e+000
6.582069e+001	-1.704375e+000
6.572303e+001	-1.705125e+000
6.562537e+001	-1.710750e+000
6.552771e+001	-1.711875e+000
6.543006e+001	-1.710375e+000
6.533240e+001	-1.712625e+000
6.523474e+001	-1.717875e+000
6.513709e+001	-1.718250e+000
6.503943e+001	-1.718625e+000
6.494177e+001	-1.720125e+000
6.484412e+001	-1.721250e+000
6.474646e+001	-1.723875e+000
6.464880e+001	-1.726500e+000
6.455114e+001	-1.728750e+000
6.445349e+001	-1.731000e+000
6.435583e+001	-1.731000e+000
6.425817e+001	-1.732125e+000
6.416052e+001	-1.735125e+000
6.406286e+001	-1.737000e+000
6.396520e+001	-1.737375e+000
6.386755e+001	-1.739250e+000
6.376989e+001	-1.743000e+000
6.367223e+001	-1.744125e+000
6.357457e+001	-1.746000e+000
6.347692e+001	-1.749000e+000
6.337926e+001	-1.748625e+000
6.328160e+001	-1.747500e+000
6.318395e+001	-1.751625e+000
6.308629e+001	-1.756125e+000
6.298863e+001	-1.756500e+000
6.289098e+001	-1.758750e+000
6.279332e+001	-1.759125e+000
6.269566e+001	-1.758750e+000
6.259801e+001	-1.762500e+000
6.250035e+001	-1.765125e+000
6.240269e+001	-1.768125e+000
6.230503e+001	-1.768875e+000
6.220738e+001	-1.769625e+000
6.210972e+001	-1.769250e+000
6.201206e+001	-1.771500e+000
6.191441e+001	-1.776375e+000
6.181675e+001	-1.776750e+000
6.171909e+001	-1.778250e+000
6.162144e+001	-1.780125e+000
6.152378e+001	-1.781250e+000
6.142612e+001	-1.783875e+000
6.132846e+001	-1.787250e+000
6.123081e+001	-1.787625e+000
6.113315e+001	-1.788375e+000
6.103549e+001	-1.790250e+000
6.093784e+001	-1.791750e+000
6.084018e+001	-1.792125e+000
6.074252e+001	-1.796250e+000
6.064487e+001	-1.797750e+000
6.054721e+001	-1.798125e+000
6.044955e+001	-1.800375e+000
6.035189e+001	-1.803000e+000
6.025424e+001	-1.804875e+000
6.015658e+001	-1.806750e+000
6.005892e+001	-1.807500e+000
5.996127e+001	-1.807875e+000
5.986361e+001	-1.809000e+000
5.976595e+001	-1.812750e+000
5.966830e+001	-1.814250e+000
5.957064e+001	-1.817250e+000
5.947298e+001	-1.819875e+000
5.937532e+001	-1.819500e+000
5.927767e+001	-1.818750e+000
5.918001e+001	-1.820625e+000
5.908235e+001	-1.825125e+000
5.898470e+001	-1.827375e+000
5.888704e+001	-1.827000e+000
5.878938e+001	-1.827375e+000
5.869173e+001	-1.831125e+000
5.859407e+001	-1.833750e+000
5.849641e+001	-1.834875e+000
5.839875e+001	-1.836000e+000
5.830110e+001	-1.837125e+000
5.820344e+001	-1.837500e+000
5.810578e+001	-1.839750e+000
5.800813e+001	-1.842750e+000
5.791047e+001	-1.845000e+000
5.781281e+001	-1.847250e+000
5.771516e+001	-1.847625e+000
5.761750e+001	-1.848000e+000
5.751984e+001	-1.851750e+000
5.742218e+001	-1.852875e+000
5.732453e+001	-1.854750e+000
5.722687e+001	-1.857000e+000
5.712921e+001	-1.856625e+000
5.703156e+001	-1.857375e+000
5.693390e+001	-1.860750e+000
5.683624e+001	-1.863750e+000
5.673859e+001	-1.865625e+000
5.664093e+001	-1.865250e+000
5.654327e+001	-1.865250e+000
5.644561e+001	-1.866750e+000
5.634796e+001	-1.869375e+000
5.625030e+001	-1.871625e+000
5.615264e+001	-1.873125e+000
5.605499e+001	-1.874250e+000
5.595733e+001	-1.875000e+000
5.585967e+001	-1.876125e+000
5.576202e+001	-1.879500e+000
5.566436e+001	-1.881375e+000
5.556670e+001	-1.882875e+000
5.546904e+001	-1.881375e+000
5.537139e+001	-1.881750e+000
5.527373e+001	-1.884000e+000
5.517607e+001	-1.885500e+000
5.507842e+001	-1.887750e+000
5.498076e+001	-1.889250e+000
5.488310e+001	-1.889625e+000
5.478545e+001	-1.891125e+000
5.468779e+001	-1.892625e+000
5.459013e+001	-1.893000e+000
5.449247e+001	-1.893750e+000
5.439482e+001	-1.894500e+000
5.429716e+001	-1.897125e+000
5.419950e+001	-1.898250e+000
5.410185e+001	-1.898625e+000
5.400419e+001	-1.899750e+000
5.390653e+001	-1.900875e+000
5.380888e+001	-1.901625e+000
5.371122e+001	-1.902375e+000
5.361356e+001	-1.903125e+000
5.351590e+001	-1.902375e+000
5.341825e+001	-1.899750e+000
5.332059e+001	-1.897125e+000
5.322293e+001	-1.890000e+000
5.312528e+001	-1.761750e+000
5.302762e+001	-1.676625e+000
5.292996e+001	-1.673625e+000
5.283231e+001	-1.671750e+000
5.273465e+001	-1.667625e+000
5.263699e+001	-1.664625e+000
5.253933e+001	-1.664625e+000
5.244168e+001	-1.664250e+000
5.234402e+001	-1.664250e+000
5.224636e+001	-1.664250e+000
5.214871e+001	-1.660875e+000
5.205105e+001	-1.659750e+000
5.195339e+001	-1.660125e+000
5.185574e+001	-1.659750e+000
5.175808e+001	-1.660125e+000
5.166042e+001	-1.659750e+000
5.156276e+001	-1.659375e+000
5.146511e+001	-1.658625e+000
5.136745e+001	-1.659000e+000
5.126979e+001	-1.658625e+000
5.117214e+001	-1.657875e+000
5.107448e+001	-1.658250e+000
5.097682e+001	-1.658250e+000
5.087917e+001	-1.657500e+000
5.078151e+001	-1.657875e+000
5.068385e+001	-1.658250e+000
5.058619e+001	-1.657875e+000
5.048854e+001	-1.658250e+000
5.039088e+001	-1.658625e+000
5.029322e+001	-1.658625e+000
5.019557e+001	-1.657875e+000
5.009791e+001	-1.657875e+000
5.000025e+001	-1.658250e+000
4.990260e+001	-1.657875e+000
4.980494e+001	-1.657875e+000
4.970728e+001	-1.658250e+000
4.960962e+001	-1.658250e+000
4.951197e+001	-1.658250e+000
4.941431e+001	-1.658625e+000
4.931665e+001	-1.658625e+000
4.921900e+001	-1.659375e+000
4.912134e+001	-1.659375e+000
4.902368e+001	-1.659000e+000
4.892603e+001	-1.659375e+000
4.882837e+001	-1.659375e+000
4.873071e+001	-1.659375e+000
4.863305e+001	-1.659375e+000
4.853540e+001	-1.660125e+000
4.843774e+001	-1.659375e+000
4.834008e+001	-1.660125e+000
4.824243e+001	-1.659375e+000
4.814477e+001	-1.660125e+000
4.804711e+001	-1.660125e+000
4.794946e+001	-1.660875e+000
4.785180e+001	-1.660500e+000
4.775414e+001	-1.660125e+000
4.765648e+001	-1.660125e+000
4.755883e+001	-1.660125e+000
4.746117e+001	-1.660875e+000
4.736351e+001	-1.660500e+000
4.726586e+001	-1.660125e+000
4.716820e+001	-1.660125e+000
4.707054e+001	-1.659375e+000
4.697289e+001	-1.659750e+000
4.687523e+001	-1.658625e+000
4.677757e+001	-1.658625e+000
4.667992e+001	-1.658625e+000
4.658226e+001	-1.658625e+000
4.648460e+001	-1.658625e+000
4.638694e+001	-1.659000e+000
4.628929e+001	-1.659000e+000
4.619163e+001	-1.658625e+000
4.609397e+001	-1.658250e+000
4.599632e+001	-1.658250e+000
4.589866e+001	-1.658250e+000
4.580100e+001	-1.657875e+000
4.570335e+001	-1.658625e+000
4.560569e+001	-1.658625e+000
4.550803e+001	-1.657875e+000
4.541037e+001	-1.657875e+000
4.531272e+001	-1.657875e+000
4.521506e+001	-1.658250e+000
4.511740e+001	-1.659000e+000
4.501975e+001	-1.658625e+000
4.492209e+001	-1.659000e+000
4.482443e+001	-1.658625e+000
4.472678e+001	-1.658625e+000
4.462912e+001	-1.657500e+000
4.453146e+001	-1.657125e+000
4.443380e+001	-1.657500e+000
4.433615e+001	-1.657125e+000
4.423849e+001	-1.657125e+000
4.414083e+001	-1.657125e+000
4.404318e+001	-1.656750e+000
4.394552e+001	-1.656750e+000
4.384786e+001	-1.656750e+000
4.375021e+001	-1.656750e+000
4.365255e+001	-1.656750e+000
4.355489e+001	-1.656750e+000
4.345723e+001	-1.656750e+000
4.335958e+001	-1.657125e+000
4.326192e+001	-1.657125e+000
4.316426e+001	-1.657500e+000
4.306661e+001	-1.657500e+000
4.296895e+001	-1.657500e+000
4.287129e+001	-1.657500e+000
4.277364e+001	-1.657500e+000
4.267598e+001	-1.657500e+000
4.257832e+001	-1.657500e+000
4.248066e+001	-1.657125e+000
4.238301e+001	-1.657875e+000
4.228535e+001	-1.657875e+000
4.218769e+001	-1.657875e+000
4.209004e+001	-1.657875e+000
4.199238e+001	-1.658250e+000
4.189472e+001	-1.657875e+000
4.179707e+001	-1.656750e+000
4.169941e+001	-1.656375e+000
4.160175e+001	-1.656375e+000
4.150409e+001	-1.656750e+000
4.140644e+001	-1.656750e+000
4.130878e+001	-1.656750e+000
4.121112e+001	-1.656750e+000
4.111347e+001	-1.657125e+000
4.101581e+001	-1.656750e+000
4.091815e+001	-1.657125e+000
4.082050e+001	-1.656750e+000
4.072284e+001	-1.657125e+000
4.062518e+001	-1.657875e+000
4.052752e+001	-1.657875e+000
4.042987e+001	-1.657500e+000
4.033221e+001	-1.657125e+000
4.023455e+001	-1.657500e+000
4.013690e+001	-1.658625e+000
4.003924e+001	-1.657875e+000
3.994158e+001	-1.656000e+000
3.984393e+001	-1.655625e+000
3.974627e+001	-1.656000e+000
3.964861e+001	-1.655625e+000
3.955095e+001	-1.656000e+000
3.945330e+001	-1.655625e+000
3.935564e+001	-1.656000e+000
3.925798e+001	-1.655625e+000
3.916033e+001	-1.655625e+000
3.906267e+001	-1.656375e+000
3.896501e+001	-1.656000e+000
3.886736e+001	-1.656375e+000
3.876970e+001	-1.656375e+000
3.867204e+001	-1.656375e+000
3.857438e+001	-1.656000e+000
3.847673e+001	-1.656375e+000
3.837907e+001	-1.656375e+000
3.828141e+001	-1.656750e+000
3.818376e+001	-1.656750e+000
3.808610e+001	-1.656750e+000
3.798844e+001	-1.656750e+000
3.789079e+001	-1.656750e+000
3.779313e+001	-1.657125e+000
3.769547e+001	-1.656750e+000
3.759781e+001	-1.656750e+000
3.750016e+001	-1.656375e+000
3.740250e+001	-1.656750e+000
3.730484e+001	-1.657125e+000
3.720719e+001	-1.656750e+000
3.710953e+001	-1.657125e+000
3.701187e+001	-1.657125e+000
3.691422e+001	-1.657125e+000
3.681656e+001	-1.656375e+000
3.671890e+001	-1.656750e+000
3.662124e+001	-1.656750e+000
3.652359e+001	-1.657125e+000
3.642593e+001	-1.657125e+000
3.632827e+001	-1.656375e+000
3.623062e+001	-1.656375e+000
3.613296e+001	-1.656750e+000
3.603530e+001	-1.656750e+000
3.593765e+001	-1.656750e+000
3.583999e+001	-1.656375e+000
3.574233e+001	-1.656750e+000
3.564467e+001	-1.656375e+000
3.554702e+001	-1.656750e+000
3.544936e+001	-1.656375e+000
3.535170e+001	-1.656750e+000
3.525405e+001	-1.656000e+000
3.515639e+001	-1.656000e+000
3.505873e+001	-1.655625e+000
3.496108e+001	-1.655625e+000
3.486342e+001	-1.655250e+000
3.476576e+001	-1.655250e+000
3.466810e+001	-1.654875e+000
3.457045e+001	-1.655250e+000
3.447279e+001	-1.655625e+000
3.437513e+001	-1.655625e+000
3.427748e+001	-1.655625e+000
3.417982e+001	-1.655625e+000
3.408216e+001	-1.655625e+000
3.398451e+001	-1.654125e+000
3.388685e+001	-1.653750e+000
3.378919e+001	-1.653750e+000
3.369153e+001	-1.653750e+000
3.359388e+001	-1.653750e+000
3.349622e+001	-1.653750e+000
3.339856e+001	-1.654125e+000
3.330091e+001	-1.654125e+000
3.320325e+001	-1.654125e+000
3.310559e+001	-1.653375e+000
3.300794e+001	-1.653750e+000
3.291028e+001	-1.653750e+000
3.281262e+001	-1.653750e+000
3.271496e+001	-1.653750e+000
3.261731e+001	-1.653750e+000
3.251965e+001	-1.654125e+000
3.242199e+001	-1.653750e+000
3.232434e+001	-1.654125e+000
3.222668e+001	-1.654125e+000
3.212902e+001	-1.654500e+000
3.203137e+001	-1.654500e+000
3.193371e+001	-1.654125e+000
3.183605e+001	-1.654500e+000
3.173840e+001	-1.654500e+000
3.164074e+001	-1.654125e+000
3.154308e+001	-1.654500e+000
3.144542e+001	-1.654500e+000
3.134777e+001	-1.654500e+000
3.125011e+001	-1.654500e+000
3.115245e+001	-1.655250e+000
3.105480e+001	-1.654500e+000
3.095714e+001	-1.654875e+000
3.085948e+001	-1.654875e+000
3.076183e+001	-1.654875e+000
3.066417e+001	-1.654875e+000
3.056651e+001	-1.654875e+000
3.046885e+001	-1.655250e+000
3.037120e+001	-1.654875e+000
3.027354e+001	-1.654875e+000
3.017588e+001	-1.654875e+000
3.007823e+001	-1.654875e+000
2.998057e+001	-1.654875e+000
2.988291e+001	-1.654875e+000
2.978526e+001	-1.654500e+000
2.968760e+001	-1.654125e+000
2.958994e+001	-1.654500e+000
2.949228e+001	-1.653750e+000
2.939463e+001	-1.654500e+000
2.929697e+001	-1.654500e+000
2.919931e+001	-1.653750e+000
2.910166e+001	-1.654500e+000
2.900400e+001	-1.654125e+000
2.890634e+001	-1.654125e+000
2.880869e+001	-1.653750e+000
2.871103e+001	-1.654125e+000
2.861337e+001	-1.654125e+000
2.851571e+001	-1.653750e+000
2.841806e+001	-1.653750e+000
2.832040e+001	-1.653750e+000
2.822274e+001	-1.653750e+000
2.812509e+001	-1.654125e+000
2.802743e+001	-1.653750e+000
2.792977e+001	-1.653750e+000
2.783212e+001	-1.654125e+000
2.773446e+001	-1.653750e+000
2.763680e+001	-1.653750e+000
2.753914e+001	-1.653750e+000
2.744149e+001	-1.654125e+000
2.734383e+001	-1.654500e+000
2.724617e+001	-1.654125e+000
2.714852e+001	-1.654125e+000
2.705086e+001	-1.654125e+000
2.695320e+001	-1.654125e+000
2.685555e+001	-1.654125e+000
2.675789e+001	-1.654125e+000
2.666023e+001	-1.654125e+000
2.656257e+001	-1.654125e+000
2.646492e+001	-1.654125e+000
2.636726e+001	-1.654500e+000
2.626960e+001	-1.654125e+000
2.617195e+001	-1.654125e+000
2.607429e+001	-1.654500e+000
2.597663e+001	-1.654875e+000
2.587898e+001	-1.653750e+000
2.578132e+001	-1.654500e+000
2.568366e+001	-1.654500e+000
2.558600e+001	-1.654500e+000
2.548835e+001	-1.654500e+000
2.539069e+001	-1.654500e+000
2.529303e+001	-1.654875e+000
2.519538e+001	-1.654875e+000
2.509772e+001	-1.654875e+000
2.500006e+001	-1.654500e+000
2.490241e+001	-1.654875e+000
2.480475e+001	-1.654875e+000
2.470709e+001	-1.654500e+000
2.460943e+001	-1.654875e+000
2.451178e+001	-1.654875e+000
2.441412e+001	-1.654875e+000
2.431646e+001	-1.655250e+000
2.421881e+001	-1.655250e+000
2.412115e+001	-1.655250e+000
2.402349e+001	-1.654875e+000
2.392584e+001	-1.655250e+000
2.382818e+001	-1.654875e+000
2.373052e+001	-1.655250e+000
2.363286e+001	-1.654875e+000
2.353521e+001	-1.655250e+000
2.343755e+001	-1.654875e+000
2.333989e+001	-1.655250e+000
2.324224e+001	-1.654875e+000
2.314458e+001	-1.655625e+000
2.304692e+001	-1.655625e+000
2.294927e+001	-1.655625e+000
2.285161e+001	-1.655625e+000
2.275395e+001	-1.655625e+000
2.265629e+001	-1.655625e+000
2.255864e+001	-1.654500e+000
2.246098e+001	-1.654875e+000
2.236332e+001	-1.654500e+000
2.226567e+001	-1.654875e+000
2.216801e+001	-1.655250e+000
2.207035e+001	-1.654875e+000
2.197270e+001	-1.654875e+000
2.187504e+001	-1.654500e+000
2.177738e+001	-1.654500e+000
2.167972e+001	-1.654875e+000
2.158207e+001	-1.654500e+000
2.148441e+001	-1.654875e+000
2.138675e+001	-1.654875e+000
2.128910e+001	-1.654875e+000
2.119144e+001	-1.654875e+000
2.109378e+001	-1.655250e+000
2.099613e+001	-1.654875e+000
2.089847e+001	-1.654875e+000
2.080081e+001	-1.655250e+000
2.070315e+001	-1.655250e+000
2.060550e+001	-1.655250e+000
2.050784e+001	-1.655250e+000
2.041018e+001	-1.654875e+000
2.031253e+001	-1.655250e+000
2.021487e+001	-1.655250e+000
2.011721e+001	-1.655250e+000
2.001956e+001	-1.655625e+000
1.992190e+001	-1.655625e+000
1.982424e+001	-1.655625e+000
1.972658e+001	-1.655625e+000
1.962893e+001	-1.655625e+000
1.953127e+001	-1.656000e+000
1.943361e+001	-1.655625e+000
1.933596e+001	-1.655625e+000
1.923830e+001	-1.656000e+000
1.914064e+001	-1.656000e+000
1.904299e+001	-1.656375e+000
1.894533e+001	-1.655625e+000
1.884767e+001	-1.655250e+000
1.875001e+001	-1.656000e+000
1.865236e+001	-1.656375e+000
1.855470e+001	-1.655625e+000
1.845704e+001	-1.656000e+000
1.835939e+001	-1.656000e+000
1.826173e+001	-1.656375e+000
1.816407e+001	-1.656000e+000
1.806642e+001	-1.656375e+000
1.796876e+001	-1.656750e+000
1.787110e+001	-1.656375e+000
1.777344e+001	-1.656750e+000
1.767579e+001	-1.656750e+000
1.757813e+001	-1.656375e+000
1.748047e+001	-1.656375e+000
1.738282e+001	-1.656750e+000
1.728516e+001	-1.656750e+000
1.718750e+001	-1.656750e+000
1.708985e+001	-1.656375e+000
1.699219e+001	-1.656750e+000
1.689453e+001	-1.656375e+000
1.679688e+001	-1.657125e+000
1.669922e+001	-1.656375e+000
1.660156e+001	-1.656750e+000
1.650390e+001	-1.656750e+000
1.640625e+001	-1.657125e+000
1.630859e+001	-1.656750e+000
1.621093e+001	-1.656750e+000
1.611328e+001	-1.657125e+000
1.601562e+001	-1.657500e+000
1.591796e+001	-1.657500e+000
1.582031e+001	-1.657125e+000
1.572265e+001	-1.657125e+000
1.562499e+001	-1.657125e+000
1.552733e+001	-1.656750e+000
1.542968e+001	-1.657125e+000
1.533202e+001	-1.656750e+000
1.523436e+001	-1.656750e+000
1.513671e+001	-1.657125e+000
1.503905e+001	-1.657125e+000
1.494139e+001	-1.657125e+000
1.484374e+001	-1.657125e+000
1.474608e+001	-1.657500e+000
1.464842e+001	-1.656750e+000
1.455077e+001	-1.656750e+000
1.445311e+001	-1.656750e+000
1.435546e+001	-1.657500e+000
1.425780e+001	-1.657875e+000
1.416014e+001	-1.657500e+000
1.406249e+001	-1.657125e+000
1.396483e+001	-1.657875e+000
1.386717e+001	-1.657875e+000
1.376952e+001	-1.657875e+000
1.367186e+001	-1.657875e+000
1.357421e+001	-1.657125e+000
1.347655e+001	-1.657500e+000
1.337889e+001	-1.657875e+000
1.328124e+001	-1.657875e+000
1.318358e+001	-1.657500e+000
1.308593e+001	-1.657875e+000
1.298827e+001	-1.657500e+000
1.289061e+001	-1.657500e+000
1.279296e+001	-1.657875e+000
1.269530e+001	-1.657500e+000
1.259765e+001	-1.657500e+000
1.249999e+001	-1.657500e+000
1.240233e+001	-1.657125e+000
1.230468e+001	-1.656750e+000
1.220702e+001	-1.657125e+000
1.210937e+001	-1.656750e+000
1.201171e+001	-1.657125e+000
1.191405e+001	-1.657500e+000
1.181640e+001	-1.657125e+000
1.171874e+001	-1.657125e+000
1.162108e+001	-1.657125e+000
1.152343e+001	-1.657125e+000
1.142577e+001	-1.657500e+000
1.132812e+001	-1.657125e+000
1.123046e+001	-1.657125e+000
1.113280e+001	-1.657125e+000
1.103515e+001	-1.657125e+000
1.093749e+001	-1.657500e+000
1.083984e+001	-1.657125e+000
1.074218e+001	-1.657500e+000
1.064452e+001	-1.657125e+000
1.054687e+001	-1.657875e+000
1.044921e+001	-1.657875e+000
1.035156e+001	-1.657875e+000
1.025390e+001	-1.657875e+000
1.015624e+001	-1.657875e+000
1.005859e+001	-1.657875e+000
9.960931e+000	-1.657500e+000
9.863275e+000	-1.658250e+000
9.765619e+000	-1.657875e+000
9.667962e+000	-1.657875e+000
9.570306e+000	-1.658625e+000
9.472650e+000	-1.658250e+000
9.374994e+000	-1.657875e+000
9.277338e+000	-1.658250e+000
9.179682e+000	-1.658625e+000
9.082026e+000	-1.658250e+000
8.984370e+000	-1.658625e+000
8.886714e+000	-1.657875e+000
8.789057e+000	-1.658250e+000
8.691401e+000	-1.658250e+000
8.593745e+000	-1.659000e+000
8.496089e+000	-1.658625e+000
8.398433e+000	-1.658250e+000
8.300777e+000	-1.658250e+000
8.203121e+000	-1.658625e+000
8.105465e+000	-1.659000e+000
8.007809e+000	-1.658625e+000
7.910153e+000	-1.659000e+000
7.812496e+000	-1.658250e+000
7.714840e+000	-1.658625e+000
7.617184e+000	-1.659000e+000
7.519528e+000	-1.659000e+000
7.421872e+000	-1.659000e+000
7.324216e+000	-1.659000e+000
7.226560e+000	-1.659000e+000
7.128904e+000	-1.659000e+000
7.031248e+000	-1.659000e+000
6.933591e+000	-1.659375e+000
6.835935e+000	-1.659375e+000
6.738279e+000	-1.659375e+000
6.640623e+000	-1.659375e+000
6.542967e+000	-1.659375e+000
6.445311e+000	-1.659750e+000
6.347655e+000	-1.659375e+000
6.249999e+000	-1.659750e+000
6.152343e+000	-1.659375e+000
6.054687e+000	-1.659375e+000
5.957030e+000	-1.659375e+000
5.859374e+000	-1.660125e+000
5.761718e+000	-1.660125e+000
5.664062e+000	-1.660125e+000
5.566406e+000	-1.660500e+000
5.468750e+000	-1.659750e+000
5.371094e+000	-1.659750e+000
5.273438e+000	-1.660125e+000
5.175782e+000	-1.660500e+000
5.078125e+000	-1.660125e+000
4.980469e+000	-1.660500e+000
4.882813e+000	-1.660500e+000
4.785157e+000	-1.660500e+000
4.687501e+000	-1.660875e+000
4.589845e+000	-1.660500e+000
4.492189e+000	-1.660500e+000
4.394533e+000	-1.660500e+000
4.296877e+000	-1.660875e+000
4.199221e+000	-1.660500e+000
4.101564e+000	-1.660125e+000
4.003908e+000	-1.660500e+000
3.906252e+000	-1.660500e+000
3.808596e+000	-1.659750e+000
3.710940e+000	-1.660500e+000
3.613283e+000	-1.660875e+000
3.515627e+000	-1.660500e+000
3.417971e+000	-1.660500e+000
3.320314e+000	-1.660500e+000
3.222658e+000	-1.661250e+000
3.125002e+000	-1.660875e+000
3.027345e+000	-1.660500e+000
2.929689e+000	-1.660875e+000
2.832033e+000	-1.660875e+000
2.734377e+000	-1.659750e+000
2.636720e+000	-1.659000e+000
2.539064e+000	-1.659375e+000
2.441408e+000	-1.659750e+000
2.343751e+000	-1.659750e+000
2.246095e+000	-1.659750e+000
2.148439e+000	-1.659750e+000
2.050782e+000	-1.659375e+000
1.953126e+000	-1.659750e+000
1.855470e+000	-1.659375e+000
1.757813e+000	-1.659000e+000
1.660157e+000	-1.659375e+000
1.562501e+000	-1.659750e+000
1.464845e+000	-1.659375e+000
1.367189e+000	-1.660125e+000
1.269532e+000	-1.659750e+000
1.171876e+000	-1.659375e+000
1.074220e+000	-1.659375e+000
9.765637e-001	-1.659750e+000
8.789075e-001	-1.660125e+000
7.812513e-001	-1.659750e+000
6.835951e-001	-1.660125e+000
5.859389e-001	-1.659750e+000
4.882826e-001	-1.660125e+000
3.906264e-001	-1.659375e+000
2.929701e-001	-1.660125e+000
1.953139e-001	-1.659750e+000
9.765766e-002	-1.659750e+000
1.415534e-006	-1.660125e+000
-9.765483e-002	-1.660500e+000
-1.953111e-001	-1.660125e+000
-2.929673e-001	-1.659375e+000
-3.906236e-001	-1.659750e+000
-4.882798e-001	-1.659750e+000
-5.859361e-001	-1.659750e+000
-6.835923e-001	-1.659750e+000
-7.812485e-001	-1.659750e+000
-8.789047e-001	-1.659750e+000
-9.765609e-001	-1.659750e+000
-1.074217e+000	-1.660500e+000
-1.171873e+000	-1.659750e+000
-1.269530e+000	-1.659750e+000
-1.367186e+000	-1.660500e+000
-1.464842e+000	-1.659750e+000
-1.562498e+000	-1.660125e+000
-1.660154e+000	-1.660125e+000
-1.757811e+000	-1.660125e+000
-1.855467e+000	-1.660125e+000
-1.953123e+000	-1.660500e+000
-2.050780e+000	-1.660500e+000
-2.148436e+000	-1.660875e+000
-2.246092e+000	-1.660125e+000
-2.343749e+000	-1.660500e+000
-2.441405e+000	-1.660125e+000
-2.539061e+000	-1.660500e+000
-2.636718e+000	-1.660875e+000
-2.734374e+000	-1.660500e+000
-2.832030e+000	-1.660500e+000
-2.929686e+000	-1.660500e+000
-3.027343e+000	-1.660500e+000
-3.124999e+000	-1.660125e+000
-3.222655e+000	-1.660125e+000
-3.320312e+000	-1.659750e+000
-3.417968e+000	-1.660500e+000
-3.515624e+000	-1.660500e+000
-3.613281e+000	-1.660500e+000
