    nm         	 V
2.000013e+002	-8.103750e-001
1.998060e+002	-8.096250e-001
1.996106e+002	-8.118750e-001
1.994153e+002	-8.130000e-001
1.992200e+002	-8.160000e-001
1.990247e+002	-8.145000e-001
1.988294e+002	-8.156250e-001
1.986341e+002	-8.193750e-001
1.984388e+002	-8.193750e-001
1.982434e+002	-8.216250e-001
1.980481e+002	-8.231250e-001
1.978528e+002	-8.231250e-001
1.976575e+002	-8.242500e-001
1.974622e+002	-8.261250e-001
1.972669e+002	-8.287500e-001
1.970716e+002	-8.295000e-001
1.968762e+002	-8.340000e-001
1.966809e+002	-8.328750e-001
1.964856e+002	-8.362500e-001
1.962903e+002	-8.366250e-001
1.960950e+002	-8.400000e-001
1.958997e+002	-8.392500e-001
1.957044e+002	-8.411250e-001
1.955090e+002	-8.426250e-001
1.953137e+002	-8.433750e-001
1.951184e+002	-8.460000e-001
1.949231e+002	-8.463750e-001
1.947278e+002	-8.486250e-001
1.945325e+002	-8.501250e-001
1.943372e+002	-8.516250e-001
1.941418e+002	-8.523750e-001
1.939465e+002	-8.546250e-001
1.937512e+002	-8.568750e-001
1.935559e+002	-8.557500e-001
1.933606e+002	-8.602500e-001
1.931653e+002	-8.613750e-001
1.929700e+002	-8.625000e-001
1.927746e+002	-8.636250e-001
1.925793e+002	-8.643750e-001
1.923840e+002	-8.662500e-001
1.921887e+002	-8.685000e-001
1.919934e+002	-8.692500e-001
1.917981e+002	-8.700000e-001
1.916028e+002	-8.718750e-001
1.914075e+002	-8.745000e-001
1.912121e+002	-8.767500e-001
1.910168e+002	-8.771250e-001
1.908215e+002	-8.797500e-001
1.906262e+002	-8.808750e-001
1.904309e+002	-8.816250e-001
1.902356e+002	-8.850000e-001
1.900403e+002	-8.861250e-001
1.898449e+002	-8.883750e-001
1.896496e+002	-8.883750e-001
1.894543e+002	-8.917500e-001
1.892590e+002	-8.910000e-001
1.890637e+002	-8.955000e-001
1.888684e+002	-8.951250e-001
1.886731e+002	-8.981250e-001
1.884777e+002	-8.981250e-001
1.882824e+002	-9.003750e-001
1.880871e+002	-9.007500e-001
1.878918e+002	-9.037500e-001
1.876965e+002	-9.045000e-001
1.875012e+002	-9.060000e-001
1.873059e+002	-9.086250e-001
1.871105e+002	-9.108750e-001
1.869152e+002	-9.123750e-001
1.867199e+002	-9.131250e-001
1.865246e+002	-9.146250e-001
1.863293e+002	-9.150000e-001
1.861340e+002	-9.172500e-001
1.859387e+002	-9.195000e-001
1.857433e+002	-9.191250e-001
1.855480e+002	-9.221250e-001
1.853527e+002	-9.243750e-001
1.851574e+002	-9.251250e-001
1.849621e+002	-9.266250e-001
1.847668e+002	-9.285000e-001
1.845715e+002	-9.296250e-001
1.843761e+002	-9.330000e-001
1.841808e+002	-9.348750e-001
1.839855e+002	-9.360000e-001
1.837902e+002	-9.397500e-001
1.835949e+002	-9.386250e-001
1.833996e+002	-9.408750e-001
1.832043e+002	-9.420000e-001
1.830090e+002	-9.450000e-001
1.828136e+002	-9.446250e-001
1.826183e+002	-9.465000e-001
1.824230e+002	-9.483750e-001
1.822277e+002	-9.495000e-001
1.820324e+002	-9.532500e-001
1.818371e+002	-9.532500e-001
1.816418e+002	-9.562500e-001
1.814464e+002	-9.562500e-001
1.812511e+002	-9.596250e-001
1.810558e+002	-9.600000e-001
1.808605e+002	-9.626250e-001
1.806652e+002	-9.630000e-001
1.804699e+002	-9.656250e-001
1.802746e+002	-9.652500e-001
1.800792e+002	-9.671250e-001
1.798839e+002	-9.697500e-001
1.796886e+002	-9.712500e-001
1.794933e+002	-9.727500e-001
1.792980e+002	-9.731250e-001
1.791027e+002	-9.750000e-001
1.789074e+002	-9.768750e-001
1.787120e+002	-9.783750e-001
1.785167e+002	-9.791250e-001
1.783214e+002	-9.828750e-001
1.781261e+002	-9.825000e-001
1.779308e+002	-9.851250e-001
1.777355e+002	-9.855000e-001
1.775402e+002	-9.892500e-001
1.773448e+002	-9.892500e-001
1.771495e+002	-9.930000e-001
1.769542e+002	-9.933750e-001
1.767589e+002	-9.941250e-001
1.765636e+002	-9.945000e-001
1.763683e+002	-9.967500e-001
1.761730e+002	-9.990000e-001
1.759776e+002	-1.001250e+000
1.757823e+002	-1.002750e+000
1.755870e+002	-1.005375e+000
1.753917e+002	-1.005000e+000
1.751964e+002	-1.008000e+000
1.750011e+002	-1.008750e+000
1.748058e+002	-1.010250e+000
1.746104e+002	-1.011375e+000
1.744151e+002	-1.014000e+000
1.742198e+002	-1.014000e+000
1.740245e+002	-1.017000e+000
1.738292e+002	-1.020375e+000
1.736339e+002	-1.020375e+000
1.734386e+002	-1.021500e+000
1.732433e+002	-1.022250e+000
1.730479e+002	-1.024125e+000
1.728526e+002	-1.026750e+000
1.726573e+002	-1.030500e+000
1.724620e+002	-1.030125e+000
1.722667e+002	-1.030875e+000
1.720714e+002	-1.032750e+000
1.718761e+002	-1.033875e+000
1.716807e+002	-1.037625e+000
1.714854e+002	-1.038750e+000
1.712901e+002	-1.039875e+000
1.710948e+002	-1.041375e+000
1.708995e+002	-1.044375e+000
1.707042e+002	-1.044750e+000
1.705089e+002	-1.046625e+000
1.703135e+002	-1.050000e+000
1.701182e+002	-1.050750e+000
1.699229e+002	-1.049625e+000
1.697276e+002	-1.052625e+000
1.695323e+002	-1.053750e+000
1.693370e+002	-1.055250e+000
1.691417e+002	-1.058250e+000
1.689463e+002	-1.058250e+000
1.687510e+002	-1.059000e+000
1.685557e+002	-1.061625e+000
1.683604e+002	-1.063500e+000
1.681651e+002	-1.067250e+000
1.679698e+002	-1.067250e+000
1.677745e+002	-1.069875e+000
1.675791e+002	-1.069875e+000
1.673838e+002	-1.072875e+000
1.671885e+002	-1.074750e+000
1.669932e+002	-1.076250e+000
1.667979e+002	-1.077000e+000
1.666026e+002	-1.078500e+000
1.664073e+002	-1.080000e+000
1.662119e+002	-1.080750e+000
1.660166e+002	-1.081875e+000
1.658213e+002	-1.086000e+000
1.656260e+002	-1.084875e+000
1.654307e+002	-1.088625e+000
1.652354e+002	-1.089000e+000
1.650401e+002	-1.091250e+000
1.648447e+002	-1.092375e+000
1.646494e+002	-1.095750e+000
1.644541e+002	-1.096125e+000
1.642588e+002	-1.097625e+000
1.640635e+002	-1.098375e+000
1.638682e+002	-1.100625e+000
1.636729e+002	-1.104375e+000
1.634776e+002	-1.104750e+000
1.632822e+002	-1.107750e+000
1.630869e+002	-1.108125e+000
1.628916e+002	-1.107750e+000
1.626963e+002	-1.111500e+000
1.625010e+002	-1.112250e+000
1.623057e+002	-1.116750e+000
1.621104e+002	-1.115625e+000
1.619150e+002	-1.117125e+000
1.617197e+002	-1.117875e+000
1.615244e+002	-1.121250e+000
1.613291e+002	-1.122375e+000
1.611338e+002	-1.124625e+000
1.609385e+002	-1.126125e+000
1.607432e+002	-1.127250e+000
1.605478e+002	-1.127250e+000
1.603525e+002	-1.131375e+000
1.601572e+002	-1.134000e+000
1.599619e+002	-1.134375e+000
1.597666e+002	-1.135125e+000
1.595713e+002	-1.137375e+000
1.593760e+002	-1.138500e+000
1.591806e+002	-1.141500e+000
1.589853e+002	-1.143375e+000
1.587900e+002	-1.143750e+000
1.585947e+002	-1.145250e+000
1.583994e+002	-1.147500e+000
1.582041e+002	-1.147125e+000
1.580088e+002	-1.150875e+000
1.578134e+002	-1.152750e+000
1.576181e+002	-1.153500e+000
1.574228e+002	-1.155375e+000
1.572275e+002	-1.156500e+000
1.570322e+002	-1.158375e+000
1.568369e+002	-1.161000e+000
1.566416e+002	-1.161000e+000
1.564462e+002	-1.162500e+000
1.562509e+002	-1.164750e+000
1.560556e+002	-1.165875e+000
1.558603e+002	-1.168500e+000
1.556650e+002	-1.170000e+000
1.554697e+002	-1.171500e+000
1.552744e+002	-1.173750e+000
1.550791e+002	-1.173750e+000
1.548837e+002	-1.177875e+000
1.546884e+002	-1.177875e+000
1.544931e+002	-1.180500e+000
1.542978e+002	-1.182000e+000
1.541025e+002	-1.182000e+000
1.539072e+002	-1.185750e+000
1.537119e+002	-1.186500e+000
1.535165e+002	-1.189500e+000
1.533212e+002	-1.189875e+000
1.531259e+002	-1.192875e+000
1.529306e+002	-1.192875e+000
1.527353e+002	-1.194375e+000
1.525400e+002	-1.195875e+000
1.523447e+002	-1.198125e+000
1.521493e+002	-1.200375e+000
1.519540e+002	-1.201125e+000
1.517587e+002	-1.203375e+000
1.515634e+002	-1.204500e+000
1.513681e+002	-1.206375e+000
1.511728e+002	-1.208625e+000
1.509775e+002	-1.210500e+000
1.507821e+002	-1.214250e+000
1.505868e+002	-1.215375e+000
1.503915e+002	-1.214625e+000
1.501962e+002	-1.218000e+000
1.500009e+002	-1.219125e+000
1.498056e+002	-1.221000e+000
1.496103e+002	-1.222125e+000
1.494149e+002	-1.224750e+000
1.492196e+002	-1.224750e+000
1.490243e+002	-1.227750e+000
1.488290e+002	-1.228875e+000
1.486337e+002	-1.231500e+000
1.484384e+002	-1.233000e+000
1.482431e+002	-1.233375e+000
1.480477e+002	-1.234125e+000
1.478524e+002	-1.237125e+000
1.476571e+002	-1.239000e+000
1.474618e+002	-1.242000e+000
1.472665e+002	-1.242000e+000
1.470712e+002	-1.243125e+000
1.468759e+002	-1.244625e+000
1.466805e+002	-1.247250e+000
1.464852e+002	-1.249875e+000
1.462899e+002	-1.251000e+000
1.460946e+002	-1.252875e+000
1.458993e+002	-1.254375e+000
1.457040e+002	-1.254375e+000
1.455087e+002	-1.258125e+000
1.453134e+002	-1.259250e+000
1.451180e+002	-1.261500e+000
1.449227e+002	-1.263000e+000
1.447274e+002	-1.264125e+000
1.445321e+002	-1.266375e+000
1.443368e+002	-1.268250e+000
1.441415e+002	-1.270125e+000
1.439462e+002	-1.270125e+000
1.437508e+002	-1.272375e+000
1.435555e+002	-1.274250e+000
1.433602e+002	-1.276500e+000
1.431649e+002	-1.278750e+000
1.429696e+002	-1.280250e+000
1.427743e+002	-1.280625e+000
1.425790e+002	-1.282500e+000
1.423836e+002	-1.284750e+000
1.421883e+002	-1.285500e+000
1.419930e+002	-1.288500e+000
1.417977e+002	-1.289625e+000
1.416024e+002	-1.291125e+000
1.414071e+002	-1.292625e+000
1.412118e+002	-1.294500e+000
1.410164e+002	-1.295250e+000
1.408211e+002	-1.297125e+000
1.406258e+002	-1.298625e+000
1.404305e+002	-1.299375e+000
1.402352e+002	-1.300125e+000
1.400399e+002	-1.304250e+000
1.398446e+002	-1.304625e+000
1.396492e+002	-1.306875e+000
1.394539e+002	-1.308375e+000
1.392586e+002	-1.310250e+000
1.390633e+002	-1.311000e+000
1.388680e+002	-1.315125e+000
1.386727e+002	-1.314375e+000
1.384774e+002	-1.317000e+000
1.382820e+002	-1.318875e+000
1.380867e+002	-1.319250e+000
1.378914e+002	-1.321125e+000
1.376961e+002	-1.322625e+000
1.375008e+002	-1.325625e+000
1.373055e+002	-1.325625e+000
1.371102e+002	-1.329750e+000
1.369148e+002	-1.330500e+000
1.367195e+002	-1.331625e+000
1.365242e+002	-1.333500e+000
1.363289e+002	-1.336125e+000
1.361336e+002	-1.336875e+000
1.359383e+002	-1.339125e+000
1.357430e+002	-1.340625e+000
1.355477e+002	-1.341000e+000
1.353523e+002	-1.342875e+000
1.351570e+002	-1.344375e+000
1.349617e+002	-1.346250e+000
1.347664e+002	-1.348125e+000
1.345711e+002	-1.350375e+000
1.343758e+002	-1.351125e+000
1.341805e+002	-1.354125e+000
1.339851e+002	-1.354125e+000
1.337898e+002	-1.357500e+000
1.335945e+002	-1.359000e+000
1.333992e+002	-1.360875e+000
1.332039e+002	-1.360875e+000
1.330086e+002	-1.362375e+000
1.328133e+002	-1.363875e+000
1.326179e+002	-1.366125e+000
1.324226e+002	-1.368375e+000
1.322273e+002	-1.371375e+000
1.320320e+002	-1.371750e+000
1.318367e+002	-1.372875e+000
1.316414e+002	-1.375125e+000
1.314461e+002	-1.377750e+000
1.312507e+002	-1.379250e+000
1.310554e+002	-1.379625e+000
1.308601e+002	-1.381875e+000
1.306648e+002	-1.383000e+000
1.304695e+002	-1.386375e+000
1.302742e+002	-1.385625e+000
1.300789e+002	-1.390125e+000
1.298835e+002	-1.390500e+000
1.296882e+002	-1.391625e+000
1.294929e+002	-1.392750e+000
1.292976e+002	-1.395000e+000
1.291023e+002	-1.396875e+000
1.289070e+002	-1.398000e+000
1.287117e+002	-1.399500e+000
1.285163e+002	-1.401375e+000
1.283210e+002	-1.403625e+000
1.281257e+002	-1.405500e+000
1.279304e+002	-1.407375e+000
1.277351e+002	-1.408875e+000
1.275398e+002	-1.411125e+000
1.273445e+002	-1.412250e+000
1.271491e+002	-1.412625e+000
1.269538e+002	-1.414875e+000
1.267585e+002	-1.416375e+000
1.265632e+002	-1.418250e+000
1.263679e+002	-1.420125e+000
1.261726e+002	-1.420875e+000
1.259773e+002	-1.422750e+000
1.257820e+002	-1.424250e+000
1.255866e+002	-1.426125e+000
1.253913e+002	-1.428375e+000
1.251960e+002	-1.429500e+000
1.250007e+002	-1.431000e+000
1.248054e+002	-1.432500e+000
1.246101e+002	-1.434375e+000
1.244148e+002	-1.437000e+000
1.242194e+002	-1.438500e+000
1.240241e+002	-1.439625e+000
1.238288e+002	-1.441125e+000
1.236335e+002	-1.441500e+000
1.234382e+002	-1.444125e+000
1.232429e+002	-1.445625e+000
1.230476e+002	-1.449000e+000
1.228522e+002	-1.449000e+000
1.226569e+002	-1.451250e+000
1.224616e+002	-1.452375e+000
1.222663e+002	-1.455000e+000
1.220710e+002	-1.457250e+000
1.218757e+002	-1.458000e+000
1.216804e+002	-1.458750e+000
1.214850e+002	-1.459500e+000
1.212897e+002	-1.462875e+000
1.210944e+002	-1.464750e+000
1.208991e+002	-1.467000e+000
1.207038e+002	-1.467750e+000
1.205085e+002	-1.468875e+000
1.203132e+002	-1.470750e+000
1.201178e+002	-1.472625e+000
1.199225e+002	-1.475250e+000
1.197272e+002	-1.476375e+000
1.195319e+002	-1.476750e+000
1.193366e+002	-1.479375e+000
1.191413e+002	-1.481250e+000
1.189460e+002	-1.484250e+000
1.187506e+002	-1.485375e+000
1.185553e+002	-1.487625e+000
1.183600e+002	-1.488375e+000
1.181647e+002	-1.489875e+000
1.179694e+002	-1.489875e+000
1.177741e+002	-1.493250e+000
1.175788e+002	-1.495125e+000
1.173835e+002	-1.497750e+000
1.171881e+002	-1.498875e+000
1.169928e+002	-1.500375e+000
1.167975e+002	-1.501500e+000
1.166022e+002	-1.503750e+000
1.164069e+002	-1.506000e+000
1.162116e+002	-1.507125e+000
1.160163e+002	-1.507875e+000
1.158209e+002	-1.510875e+000
1.156256e+002	-1.511625e+000
1.154303e+002	-1.513500e+000
1.152350e+002	-1.515000e+000
1.150397e+002	-1.516875e+000
1.148444e+002	-1.517625e+000
1.146491e+002	-1.519500e+000
1.144537e+002	-1.521375e+000
1.142584e+002	-1.523250e+000
1.140631e+002	-1.524750e+000
1.138678e+002	-1.527000e+000
1.136725e+002	-1.527750e+000
1.134772e+002	-1.529250e+000
1.132819e+002	-1.531125e+000
1.130865e+002	-1.533750e+000
1.128912e+002	-1.534875e+000
1.126959e+002	-1.536750e+000
1.125006e+002	-1.537875e+000
1.123053e+002	-1.540500e+000
1.121100e+002	-1.541250e+000
1.119147e+002	-1.543875e+000
1.117193e+002	-1.545375e+000
1.115240e+002	-1.546500e+000
1.113287e+002	-1.547250e+000
1.111334e+002	-1.549875e+000
1.109381e+002	-1.552875e+000
1.107428e+002	-1.553625e+000
1.105475e+002	-1.555125e+000
1.103521e+002	-1.556625e+000
1.101568e+002	-1.557375e+000
1.099615e+002	-1.560375e+000
1.097662e+002	-1.562250e+000
1.095709e+002	-1.562625e+000
1.093756e+002	-1.564875e+000
1.091803e+002	-1.566000e+000
1.089849e+002	-1.568625e+000
1.087896e+002	-1.570500e+000
1.085943e+002	-1.572375e+000
1.083990e+002	-1.573875e+000
1.082037e+002	-1.575375e+000
1.080084e+002	-1.575375e+000
1.078131e+002	-1.578375e+000
1.076178e+002	-1.580250e+000
1.074224e+002	-1.582125e+000
1.072271e+002	-1.582125e+000
1.070318e+002	-1.585125e+000
1.068365e+002	-1.586250e+000
1.066412e+002	-1.587750e+000
1.064459e+002	-1.590375e+000
1.062506e+002	-1.591125e+000
1.060552e+002	-1.592625e+000
1.058599e+002	-1.594500e+000
1.056646e+002	-1.596375e+000
1.054693e+002	-1.597875e+000
1.052740e+002	-1.599000e+000
1.050787e+002	-1.600875e+000
1.048834e+002	-1.602375e+000
1.046880e+002	-1.603500e+000
1.044927e+002	-1.606125e+000
1.042974e+002	-1.607625e+000
1.041021e+002	-1.608750e+000
1.039068e+002	-1.610625e+000
1.037115e+002	-1.612125e+000
1.035162e+002	-1.614375e+000
1.033208e+002	-1.615500e+000
1.031255e+002	-1.617375e+000
1.029302e+002	-1.618875e+000
1.027349e+002	-1.621125e+000
1.025396e+002	-1.622250e+000
1.023443e+002	-1.623750e+000
1.021490e+002	-1.625250e+000
1.019536e+002	-1.627875e+000
1.017583e+002	-1.628250e+000
1.015630e+002	-1.631250e+000
1.013677e+002	-1.632000e+000
1.011724e+002	-1.633875e+000
1.009771e+002	-1.636125e+000
1.007818e+002	-1.638000e+000
1.005864e+002	-1.639125e+000
1.003911e+002	-1.640625e+000
1.001958e+002	-1.641750e+000
1.000005e+002	-1.643250e+000
9.980519e+001	-1.645875e+000
9.960988e+001	-1.647375e+000
9.941456e+001	-1.648875e+000
9.921925e+001	-1.649625e+000
9.902394e+001	-1.651875e+000
9.882862e+001	-1.652625e+000
9.863331e+001	-1.655250e+000
9.843799e+001	-1.656750e+000
9.824268e+001	-1.658625e+000
9.804737e+001	-1.659375e+000
9.785205e+001	-1.661625e+000
9.765674e+001	-1.663125e+000
9.746142e+001	-1.665375e+000
9.726611e+001	-1.667250e+000
9.707080e+001	-1.668000e+000
9.687548e+001	-1.669875e+000
9.668017e+001	-1.671375e+000
9.648485e+001	-1.673250e+000
9.628954e+001	-1.674375e+000
9.609423e+001	-1.676250e+000
9.589891e+001	-1.678125e+000
9.570360e+001	-1.679250e+000
9.550828e+001	-1.680750e+000
9.531297e+001	-1.683375e+000
9.511766e+001	-1.684875e+000
9.492234e+001	-1.686000e+000
9.472703e+001	-1.687500e+000
9.453171e+001	-1.689375e+000
9.433640e+001	-1.691250e+000
9.414109e+001	-1.693500e+000
9.394577e+001	-1.695000e+000
9.375046e+001	-1.695750e+000
9.355514e+001	-1.698375e+000
9.335983e+001	-1.698375e+000
9.316452e+001	-1.701375e+000
9.296920e+001	-1.702500e+000
9.277389e+001	-1.704000e+000
9.257857e+001	-1.706250e+000
9.238326e+001	-1.708125e+000
9.218795e+001	-1.710000e+000
9.199263e+001	-1.710375e+000
9.179732e+001	-1.712625e+000
9.160200e+001	-1.713375e+000
9.140669e+001	-1.715625e+000
9.121138e+001	-1.717500e+000
9.101606e+001	-1.719000e+000
9.082075e+001	-1.720875e+000
9.062543e+001	-1.722750e+000
9.043012e+001	-1.723125e+000
9.023481e+001	-1.725750e+000
9.003949e+001	-1.726125e+000
8.984418e+001	-1.728750e+000
8.964886e+001	-1.730625e+000
8.945355e+001	-1.732125e+000
8.925824e+001	-1.733250e+000
8.906292e+001	-1.734750e+000
8.886761e+001	-1.736250e+000
8.867229e+001	-1.738500e+000
8.847698e+001	-1.741125e+000
8.828167e+001	-1.742250e+000
8.808635e+001	-1.743750e+000
8.789104e+001	-1.744125e+000
8.769572e+001	-1.747125e+000
8.750041e+001	-1.749000e+000
8.730510e+001	-1.750500e+000
8.710978e+001	-1.751250e+000
8.691447e+001	-1.752750e+000
8.671915e+001	-1.755000e+000
8.652384e+001	-1.757250e+000
8.632853e+001	-1.759125e+000
8.613321e+001	-1.760250e+000
8.593790e+001	-1.762500e+000
8.574258e+001	-1.762875e+000
8.554727e+001	-1.765125e+000
8.535196e+001	-1.767375e+000
8.515664e+001	-1.769250e+000
8.496133e+001	-1.771125e+000
8.476601e+001	-1.771500e+000
8.457070e+001	-1.772250e+000
8.437539e+001	-1.775250e+000
8.418007e+001	-1.777125e+000
8.398476e+001	-1.779000e+000
8.378944e+001	-1.780125e+000
8.359413e+001	-1.782000e+000
8.339882e+001	-1.782375e+000
8.320350e+001	-1.785000e+000
8.300819e+001	-1.787250e+000
8.281287e+001	-1.789125e+000
8.261756e+001	-1.789500e+000
8.242225e+001	-1.791750e+000
8.222693e+001	-1.792875e+000
8.203162e+001	-1.795500e+000
8.183630e+001	-1.797375e+000
8.164099e+001	-1.798875e+000
8.144568e+001	-1.800000e+000
8.125036e+001	-1.801125e+000
8.105505e+001	-1.803375e+000
8.085973e+001	-1.804875e+000
8.066442e+001	-1.807125e+000
8.046911e+001	-1.808625e+000
8.027379e+001	-1.809750e+000
8.007848e+001	-1.812000e+000
7.988316e+001	-1.813875e+000
7.968785e+001	-1.815750e+000
7.949254e+001	-1.817625e+000
7.929722e+001	-1.819125e+000
7.910191e+001	-1.819500e+000
7.890660e+001	-1.821000e+000
7.871128e+001	-1.823625e+000
7.851597e+001	-1.824750e+000
7.832065e+001	-1.826625e+000
7.812534e+001	-1.828875e+000
7.793003e+001	-1.830375e+000
7.773471e+001	-1.831875e+000
7.753940e+001	-1.833000e+000
7.734408e+001	-1.834500e+000
7.714877e+001	-1.836375e+000
7.695346e+001	-1.838250e+000
7.675814e+001	-1.839000e+000
7.656283e+001	-1.841625e+000
7.636751e+001	-1.843500e+000
7.617220e+001	-1.844250e+000
7.597689e+001	-1.846500e+000
7.578157e+001	-1.848750e+000
7.558626e+001	-1.849125e+000
7.539094e+001	-1.851375e+000
7.519563e+001	-1.853250e+000
7.500032e+001	-1.854750e+000
7.480500e+001	-1.855875e+000
7.460969e+001	-1.857750e+000
7.441437e+001	-1.858875e+000
7.421906e+001	-1.860375e+000
7.402375e+001	-1.862625e+000
7.382843e+001	-1.864500e+000
7.363312e+001	-1.865250e+000
7.343780e+001	-1.867500e+000
7.324249e+001	-1.869000e+000
7.304718e+001	-1.870875e+000
7.285186e+001	-1.872750e+000
7.265655e+001	-1.873500e+000
7.246123e+001	-1.876125e+000
7.226592e+001	-1.877625e+000
7.207061e+001	-1.878750e+000
7.187529e+001	-1.881375e+000
7.167998e+001	-1.881375e+000
7.148466e+001	-1.883250e+000
7.128935e+001	-1.885125e+000
7.109404e+001	-1.887375e+000
7.089872e+001	-1.888875e+000
7.070341e+001	-1.890000e+000
7.050809e+001	-1.892250e+000
7.031278e+001	-1.893750e+000
7.011747e+001	-1.895250e+000
6.992215e+001	-1.897500e+000
6.972684e+001	-1.899375e+000
6.953152e+001	-1.900125e+000
6.933621e+001	-1.901250e+000
6.914090e+001	-1.902375e+000
6.894558e+001	-1.905000e+000
6.875027e+001	-1.907250e+000
6.855495e+001	-1.908750e+000
6.835964e+001	-1.909875e+000
6.816433e+001	-1.912125e+000
6.796901e+001	-1.914000e+000
6.777370e+001	-1.914750e+000
6.757838e+001	-1.916625e+000
6.738307e+001	-1.918125e+000
6.718776e+001	-1.918500e+000
6.699244e+001	-1.921500e+000
6.679713e+001	-1.923000e+000
6.660181e+001	-1.924875e+000
6.640650e+001	-1.926000e+000
6.621119e+001	-1.927500e+000
6.601587e+001	-1.928250e+000
6.582056e+001	-1.931250e+000
6.562524e+001	-1.932375e+000
6.542993e+001	-1.933875e+000
6.523462e+001	-1.935375e+000
6.503930e+001	-1.937250e+000
6.484399e+001	-1.938000e+000
6.464867e+001	-1.940250e+000
6.445336e+001	-1.941750e+000
6.425805e+001	-1.943250e+000
6.406273e+001	-1.944375e+000
6.386742e+001	-1.947000e+000
6.367210e+001	-1.947750e+000
6.347679e+001	-1.949250e+000
6.328148e+001	-1.951125e+000
6.308616e+001	-1.953000e+000
6.289085e+001	-1.954125e+000
6.269553e+001	-1.956000e+000
6.250022e+001	-1.957500e+000
6.230491e+001	-1.958250e+000
6.210959e+001	-1.960125e+000
6.191428e+001	-1.962000e+000
6.171896e+001	-1.963125e+000
6.152365e+001	-1.964625e+000
6.132834e+001	-1.965375e+000
6.113302e+001	-1.966500e+000
6.093771e+001	-1.968750e+000
6.074239e+001	-1.969875e+000
6.054708e+001	-1.971375e+000
6.035177e+001	-1.972125e+000
6.015645e+001	-1.974000e+000
5.996114e+001	-1.974750e+000
5.976582e+001	-1.974375e+000
5.957051e+001	-1.975875e+000
5.937520e+001	-1.974000e+000
5.917988e+001	-1.961625e+000
5.898457e+001	-1.912500e+000
5.878925e+001	-1.879500e+000
5.859394e+001	-1.871250e+000
5.839863e+001	-1.866750e+000
5.820331e+001	-1.859250e+000
5.800800e+001	-1.851375e+000
5.781268e+001	-1.850250e+000
5.761737e+001	-1.842375e+000
5.742206e+001	-1.831875e+000
5.722674e+001	-1.831500e+000
5.703143e+001	-1.831125e+000
5.683611e+001	-1.830750e+000
5.664080e+001	-1.829625e+000
5.644549e+001	-1.828875e+000
5.625017e+001	-1.828125e+000
5.605486e+001	-1.818375e+000
5.585954e+001	-1.816875e+000
5.566423e+001	-1.815375e+000
5.546892e+001	-1.814625e+000
5.527360e+001	-1.814625e+000
5.507829e+001	-1.813500e+000
5.488297e+001	-1.812750e+000
5.468766e+001	-1.812000e+000
5.449235e+001	-1.812000e+000
5.429703e+001	-1.811625e+000
5.410172e+001	-1.811250e+000
5.390640e+001	-1.810875e+000
5.371109e+001	-1.810875e+000
5.351578e+001	-1.810500e+000
5.332046e+001	-1.811250e+000
5.312515e+001	-1.810875e+000
5.292983e+001	-1.810500e+000
5.273452e+001	-1.810500e+000
5.253921e+001	-1.809750e+000
5.234389e+001	-1.809000e+000
5.214858e+001	-1.809750e+000
5.195326e+001	-1.810500e+000
5.175795e+001	-1.809750e+000
5.156264e+001	-1.809000e+000
5.136732e+001	-1.810125e+000
5.117201e+001	-1.808625e+000
5.097669e+001	-1.808625e+000
5.078138e+001	-1.809000e+000
5.058607e+001	-1.808625e+000
5.039075e+001	-1.809375e+000
5.019544e+001	-1.808625e+000
5.000012e+001	-1.809375e+000
4.980481e+001	-1.807875e+000
4.960950e+001	-1.807875e+000
4.941418e+001	-1.808625e+000
4.921887e+001	-1.808625e+000
4.902355e+001	-1.808625e+000
4.882824e+001	-1.808250e+000
4.863293e+001	-1.807875e+000
4.843761e+001	-1.807500e+000
4.824230e+001	-1.807875e+000
4.804699e+001	-1.807500e+000
4.785167e+001	-1.807875e+000
4.765636e+001	-1.807125e+000
4.746104e+001	-1.807500e+000
4.726573e+001	-1.807500e+000
4.707042e+001	-1.807875e+000
4.687510e+001	-1.807875e+000
4.667979e+001	-1.807875e+000
4.648447e+001	-1.807125e+000
4.628916e+001	-1.806375e+000
4.609385e+001	-1.806000e+000
4.589853e+001	-1.806750e+000
4.570322e+001	-1.806375e+000
4.550790e+001	-1.805625e+000
4.531259e+001	-1.805625e+000
4.511728e+001	-1.805625e+000
4.492196e+001	-1.806000e+000
4.472665e+001	-1.805625e+000
4.453133e+001	-1.805625e+000
4.433602e+001	-1.806000e+000
4.414071e+001	-1.805250e+000
4.394539e+001	-1.806000e+000
4.375008e+001	-1.804875e+000
4.355476e+001	-1.806000e+000
4.335945e+001	-1.804875e+000
4.316414e+001	-1.806000e+000
4.296882e+001	-1.805250e+000
4.277351e+001	-1.805625e+000
4.257819e+001	-1.805625e+000
4.238288e+001	-1.805625e+000
4.218757e+001	-1.804875e+000
4.199225e+001	-1.804125e+000
4.179694e+001	-1.804875e+000
4.160162e+001	-1.803750e+000
4.140631e+001	-1.803750e+000
4.121100e+001	-1.805250e+000
4.101568e+001	-1.804500e+000
4.082037e+001	-1.803750e+000
4.062505e+001	-1.804875e+000
4.042974e+001	-1.803750e+000
4.023443e+001	-1.803750e+000
4.003911e+001	-1.803375e+000
3.984380e+001	-1.803750e+000
3.964848e+001	-1.802625e+000
3.945317e+001	-1.802625e+000
3.925786e+001	-1.803375e+000
3.906254e+001	-1.803000e+000
3.886723e+001	-1.803000e+000
3.867191e+001	-1.803375e+000
3.847660e+001	-1.803000e+000
3.828129e+001	-1.803375e+000
3.808597e+001	-1.803000e+000
3.789066e+001	-1.803375e+000
3.769534e+001	-1.803375e+000
3.750003e+001	-1.804125e+000
3.730472e+001	-1.803750e+000
3.710940e+001	-1.803000e+000
3.691409e+001	-1.803375e+000
3.671877e+001	-1.803375e+000
3.652346e+001	-1.803000e+000
3.632815e+001	-1.803750e+000
3.613283e+001	-1.803000e+000
3.593752e+001	-1.803000e+000
3.574220e+001	-1.803375e+000
3.554689e+001	-1.802250e+000
3.535158e+001	-1.804125e+000
3.515626e+001	-1.803375e+000
3.496095e+001	-1.803000e+000
3.476563e+001	-1.803000e+000
3.457032e+001	-1.803000e+000
3.437501e+001	-1.802625e+000
3.417969e+001	-1.803000e+000
3.398438e+001	-1.803750e+000
3.378906e+001	-1.804125e+000
3.359375e+001	-1.803375e+000
3.339844e+001	-1.802625e+000
3.320312e+001	-1.802625e+000
3.300781e+001	-1.803000e+000
3.281249e+001	-1.803000e+000
3.261718e+001	-1.803000e+000
3.242187e+001	-1.802250e+000
3.222655e+001	-1.802250e+000
3.203124e+001	-1.804125e+000
3.183592e+001	-1.802625e+000
3.164061e+001	-1.803375e+000
3.144530e+001	-1.803375e+000
3.124998e+001	-1.802625e+000
3.105467e+001	-1.801875e+000
3.085935e+001	-1.803000e+000
3.066404e+001	-1.802250e+000
3.046873e+001	-1.801875e+000
3.027341e+001	-1.801500e+000
3.007810e+001	-1.801875e+000
2.988278e+001	-1.801875e+000
2.968747e+001	-1.801875e+000
2.949216e+001	-1.802250e+000
2.929685e+001	-1.802250e+000
2.910154e+001	-1.801500e+000
2.890622e+001	-1.802250e+000
2.871091e+001	-1.802625e+000
2.851560e+001	-1.802625e+000
2.832029e+001	-1.802625e+000
2.812497e+001	-1.802250e+000
2.792966e+001	-1.803000e+000
2.773435e+001	-1.801875e+000
2.753904e+001	-1.802250e+000
2.734373e+001	-1.803000e+000
2.714841e+001	-1.803000e+000
2.695310e+001	-1.803375e+000
2.675779e+001	-1.802625e+000
2.656248e+001	-1.802250e+000
2.636716e+001	-1.802625e+000
2.617185e+001	-1.803375e+000
2.597654e+001	-1.803375e+000
2.578123e+001	-1.802250e+000
2.558592e+001	-1.803750e+000
2.539060e+001	-1.803750e+000
2.519529e+001	-1.803375e+000
2.499998e+001	-1.803375e+000
2.480467e+001	-1.804125e+000
2.460935e+001	-1.803000e+000
2.441404e+001	-1.804125e+000
2.421873e+001	-1.804125e+000
2.402342e+001	-1.803000e+000
2.382811e+001	-1.803000e+000
2.363279e+001	-1.804500e+000
2.343748e+001	-1.803375e+000
2.324217e+001	-1.804125e+000
2.304686e+001	-1.804500e+000
2.285154e+001	-1.804125e+000
2.265623e+001	-1.804500e+000
2.246092e+001	-1.804500e+000
2.226561e+001	-1.803750e+000
2.207030e+001	-1.804125e+000
2.187498e+001	-1.803375e+000
2.167967e+001	-1.804125e+000
2.148436e+001	-1.804125e+000
2.128905e+001	-1.804500e+000
2.109373e+001	-1.803375e+000
2.089842e+001	-1.803000e+000
2.070311e+001	-1.803000e+000
2.050780e+001	-1.803375e+000
2.031249e+001	-1.802625e+000
2.011717e+001	-1.802250e+000
1.992186e+001	-1.802250e+000
1.972655e+001	-1.801875e+000
1.953124e+001	-1.802250e+000
1.933592e+001	-1.801875e+000
1.914061e+001	-1.802625e+000
1.894530e+001	-1.803000e+000
1.874999e+001	-1.802250e+000
1.855468e+001	-1.803000e+000
1.835936e+001	-1.802250e+000
1.816405e+001	-1.803000e+000
1.796874e+001	-1.803375e+000
1.777343e+001	-1.802250e+000
1.757811e+001	-1.803000e+000
1.738280e+001	-1.802625e+000
1.718749e+001	-1.803375e+000
1.699218e+001	-1.803000e+000
1.679687e+001	-1.803375e+000
1.660155e+001	-1.802625e+000
1.640624e+001	-1.802250e+000
1.621093e+001	-1.803000e+000
1.601562e+001	-1.803000e+000
1.582031e+001	-1.803375e+000
1.562499e+001	-1.803000e+000
1.542968e+001	-1.801875e+000
1.523437e+001	-1.803750e+000
1.503906e+001	-1.803375e+000
1.484374e+001	-1.802625e+000
1.464843e+001	-1.803000e+000
1.445312e+001	-1.803375e+000
1.425781e+001	-1.803750e+000
1.406250e+001	-1.803375e+000
1.386718e+001	-1.804125e+000
1.367187e+001	-1.803750e+000
1.347656e+001	-1.803375e+000
1.328125e+001	-1.803375e+000
1.308593e+001	-1.803750e+000
1.289062e+001	-1.804500e+000
1.269531e+001	-1.802625e+000
1.250000e+001	-1.801500e+000
1.230469e+001	-1.802250e+000
1.210937e+001	-1.802250e+000
1.191406e+001	-1.801500e+000
1.171875e+001	-1.801875e+000
1.152344e+001	-1.801125e+000
1.132812e+001	-1.802250e+000
1.113281e+001	-1.801125e+000
1.093750e+001	-1.800375e+000
1.074219e+001	-1.800750e+000
1.054688e+001	-1.800750e+000
1.035156e+001	-1.801500e+000
1.015625e+001	-1.800375e+000
9.960939e+000	-1.800750e+000
9.765627e+000	-1.800750e+000
9.570314e+000	-1.801125e+000
9.375002e+000	-1.801125e+000
9.179690e+000	-1.801875e+000
8.984378e+000	-1.800375e+000
8.789065e+000	-1.801125e+000
8.593753e+000	-1.801125e+000
8.398441e+000	-1.801125e+000
8.203129e+000	-1.801875e+000
8.007817e+000	-1.801500e+000
7.812504e+000	-1.800750e+000
7.617192e+000	-1.801875e+000
7.421880e+000	-1.802250e+000
7.226567e+000	-1.801500e+000
7.031254e+000	-1.802250e+000
6.835942e+000	-1.801875e+000
6.640629e+000	-1.803000e+000
6.445316e+000	-1.801500e+000
6.250004e+000	-1.801875e+000
6.054691e+000	-1.802250e+000
5.859378e+000	-1.802625e+000
5.664066e+000	-1.802625e+000
5.468753e+000	-1.802625e+000
5.273440e+000	-1.802625e+000
5.078128e+000	-1.803375e+000
4.882815e+000	-1.802625e+000
4.687502e+000	-1.802250e+000
4.492190e+000	-1.802625e+000
4.296877e+000	-1.803000e+000
4.101564e+000	-1.802625e+000
3.906252e+000	-1.802625e+000
3.710939e+000	-1.802625e+000
3.515627e+000	-1.803375e+000
3.320314e+000	-1.803375e+000
3.125002e+000	-1.804125e+000
2.929690e+000	-1.803375e+000
2.734377e+000	-1.803375e+000
2.539065e+000	-1.803750e+000
2.343752e+000	-1.803375e+000
2.148440e+000	-1.803750e+000
1.953127e+000	-1.803375e+000
1.757815e+000	-1.804125e+000
1.562503e+000	-1.803750e+000
1.367190e+000	-1.802625e+000
1.171878e+000	-1.803750e+000
9.765653e-001	-1.804500e+000
7.812528e-001	-1.803750e+000
5.859403e-001	-1.803750e+000
3.906278e-001	-1.805250e+000
1.953153e-001	-1.804500e+000
