    nm         	 V
2.000013e+002	-1.728000e+000
1.998060e+002	-1.726875e+000
1.996106e+002	-1.729500e+000
1.994153e+002	-1.729875e+000
1.992200e+002	-1.731750e+000
1.990247e+002	-1.731000e+000
1.988294e+002	-1.734750e+000
1.986341e+002	-1.734750e+000
1.984388e+002	-1.735125e+000
1.982434e+002	-1.738125e+000
1.980481e+002	-1.737750e+000
1.978528e+002	-1.740375e+000
1.976575e+002	-1.741125e+000
1.974622e+002	-1.743750e+000
1.972669e+002	-1.743750e+000
1.970716e+002	-1.745250e+000
1.968762e+002	-1.747500e+000
1.966809e+002	-1.747500e+000
1.964856e+002	-1.751250e+000
1.962903e+002	-1.749375e+000
1.960950e+002	-1.753500e+000
1.958997e+002	-1.753875e+000
1.957044e+002	-1.756500e+000
1.955090e+002	-1.756875e+000
1.953137e+002	-1.758750e+000
1.951184e+002	-1.759125e+000
1.949231e+002	-1.760625e+000
1.947278e+002	-1.763625e+000
1.945325e+002	-1.765125e+000
1.943372e+002	-1.766625e+000
1.941418e+002	-1.767000e+000
1.939465e+002	-1.768500e+000
1.937512e+002	-1.769625e+000
1.935559e+002	-1.772625e+000
1.933606e+002	-1.775250e+000
1.931653e+002	-1.774875e+000
1.929700e+002	-1.777500e+000
1.927746e+002	-1.777500e+000
1.925793e+002	-1.780500e+000
1.923840e+002	-1.781250e+000
1.921887e+002	-1.783500e+000
1.919934e+002	-1.783875e+000
1.917981e+002	-1.785750e+000
1.916028e+002	-1.788375e+000
1.914075e+002	-1.789125e+000
1.912121e+002	-1.791750e+000
1.910168e+002	-1.792125e+000
1.908215e+002	-1.794375e+000
1.906262e+002	-1.794750e+000
1.904309e+002	-1.798125e+000
1.902356e+002	-1.798500e+000
1.900403e+002	-1.800000e+000
1.898449e+002	-1.801875e+000
1.896496e+002	-1.802250e+000
1.894543e+002	-1.805250e+000
1.892590e+002	-1.807125e+000
1.890637e+002	-1.807500e+000
1.888684e+002	-1.809750e+000
1.886731e+002	-1.812000e+000
1.884777e+002	-1.813500e+000
1.882824e+002	-1.813125e+000
1.880871e+002	-1.815750e+000
1.878918e+002	-1.817250e+000
1.876965e+002	-1.818000e+000
1.875012e+002	-1.821000e+000
1.873059e+002	-1.821750e+000
1.871105e+002	-1.824000e+000
1.869152e+002	-1.825125e+000
1.867199e+002	-1.827000e+000
1.865246e+002	-1.828500e+000
1.863293e+002	-1.830000e+000
1.861340e+002	-1.832250e+000
1.859387e+002	-1.832625e+000
1.857433e+002	-1.835625e+000
1.855480e+002	-1.836375e+000
1.853527e+002	-1.837125e+000
1.851574e+002	-1.839750e+000
1.849621e+002	-1.840125e+000
1.847668e+002	-1.842375e+000
1.845715e+002	-1.845375e+000
1.843761e+002	-1.845000e+000
1.841808e+002	-1.847625e+000
1.839855e+002	-1.848000e+000
1.837902e+002	-1.850250e+000
1.835949e+002	-1.851000e+000
1.833996e+002	-1.854000e+000
1.832043e+002	-1.855875e+000
1.830090e+002	-1.857000e+000
1.828136e+002	-1.859250e+000
1.826183e+002	-1.858875e+000
1.824230e+002	-1.860750e+000
1.822277e+002	-1.863375e+000
1.820324e+002	-1.867500e+000
1.818371e+002	-1.866000e+000
1.816418e+002	-1.870125e+000
1.814464e+002	-1.869375e+000
1.812511e+002	-1.871625e+000
1.810558e+002	-1.873875e+000
1.808605e+002	-1.875375e+000
1.806652e+002	-1.876500e+000
1.804699e+002	-1.877250e+000
1.802746e+002	-1.879875e+000
1.800792e+002	-1.879875e+000
1.798839e+002	-1.882875e+000
1.796886e+002	-1.883625e+000
1.794933e+002	-1.885875e+000
1.792980e+002	-1.887000e+000
1.791027e+002	-1.888875e+000
1.789074e+002	-1.890000e+000
1.787120e+002	-1.891125e+000
1.785167e+002	-1.894125e+000
1.783214e+002	-1.894875e+000
1.781261e+002	-1.895250e+000
1.779308e+002	-1.898250e+000
1.777355e+002	-1.898625e+000
1.775402e+002	-1.900500e+000
1.773448e+002	-1.903125e+000
1.771495e+002	-1.903875e+000
1.769542e+002	-1.905000e+000
1.767589e+002	-1.906875e+000
1.765636e+002	-1.910250e+000
1.763683e+002	-1.909125e+000
1.761730e+002	-1.912875e+000
1.759776e+002	-1.914000e+000
1.757823e+002	-1.915500e+000
1.755870e+002	-1.916250e+000
1.753917e+002	-1.918500e+000
1.751964e+002	-1.920000e+000
1.750011e+002	-1.920750e+000
1.748058e+002	-1.923750e+000
1.746104e+002	-1.924500e+000
1.744151e+002	-1.927125e+000
1.742198e+002	-1.928250e+000
1.740245e+002	-1.929000e+000
1.738292e+002	-1.931625e+000
1.736339e+002	-1.933500e+000
1.734386e+002	-1.934250e+000
1.732433e+002	-1.936875e+000
1.730479e+002	-1.938000e+000
1.728526e+002	-1.939125e+000
1.726573e+002	-1.940250e+000
1.724620e+002	-1.942875e+000
1.722667e+002	-1.943625e+000
1.720714e+002	-1.947750e+000
1.718761e+002	-1.947750e+000
1.716807e+002	-1.949250e+000
1.714854e+002	-1.950000e+000
1.712901e+002	-1.953000e+000
1.710948e+002	-1.953375e+000
1.708995e+002	-1.954500e+000
1.707042e+002	-1.957875e+000
1.705089e+002	-1.957500e+000
1.703135e+002	-1.960125e+000
1.701182e+002	-1.962000e+000
1.699229e+002	-1.963125e+000
1.697276e+002	-1.963875e+000
1.695323e+002	-1.966125e+000
1.693370e+002	-1.967250e+000
1.691417e+002	-1.969500e+000
1.689463e+002	-1.970625e+000
1.687510e+002	-1.971000e+000
1.685557e+002	-1.973625e+000
1.683604e+002	-1.975875e+000
1.681651e+002	-1.977000e+000
1.679698e+002	-1.979250e+000
1.677745e+002	-1.980750e+000
1.675791e+002	-1.982250e+000
1.673838e+002	-1.983750e+000
1.671885e+002	-1.985250e+000
1.669932e+002	-1.987500e+000
1.667979e+002	-1.988250e+000
1.666026e+002	-1.990125e+000
1.664073e+002	-1.991250e+000
1.662119e+002	-1.993500e+000
1.660166e+002	-1.994625e+000
1.658213e+002	-1.996125e+000
1.656260e+002	-1.998000e+000
1.654307e+002	-1.999500e+000
1.652354e+002	-2.000625e+000
1.650401e+002	-2.002500e+000
1.648447e+002	-2.003625e+000
1.646494e+002	-2.004750e+000
1.644541e+002	-2.007375e+000
1.642588e+002	-2.010375e+000
1.640635e+002	-2.010750e+000
1.638682e+002	-2.011875e+000
1.636729e+002	-2.013750e+000
1.634776e+002	-2.014875e+000
1.632822e+002	-2.017125e+000
1.630869e+002	-2.019750e+000
1.628916e+002	-2.020500e+000
1.626963e+002	-2.023125e+000
1.625010e+002	-2.024250e+000
1.623057e+002	-2.024625e+000
1.621104e+002	-2.027250e+000
1.619150e+002	-2.028375e+000
1.617197e+002	-2.029875e+000
1.615244e+002	-2.032125e+000
1.613291e+002	-2.031750e+000
1.611338e+002	-2.034750e+000
1.609385e+002	-2.037000e+000
1.607432e+002	-2.038125e+000
1.605478e+002	-2.038875e+000
1.603525e+002	-2.040375e+000
1.601572e+002	-2.043375e+000
1.599619e+002	-2.043375e+000
1.597666e+002	-2.046750e+000
1.595713e+002	-2.047125e+000
1.593760e+002	-2.049750e+000
1.591806e+002	-2.049750e+000
1.589853e+002	-2.052750e+000
1.587900e+002	-2.055375e+000
1.585947e+002	-2.054625e+000
1.583994e+002	-2.057250e+000
1.582041e+002	-2.058000e+000
1.580088e+002	-2.061000e+000
1.578134e+002	-2.062500e+000
1.576181e+002	-2.064750e+000
1.574228e+002	-2.065125e+000
1.572275e+002	-2.067000e+000
1.570322e+002	-2.068875e+000
1.568369e+002	-2.069250e+000
1.566416e+002	-2.073375e+000
1.564462e+002	-2.073000e+000
1.562509e+002	-2.076000e+000
1.560556e+002	-2.077125e+000
1.558603e+002	-2.078250e+000
1.556650e+002	-2.080125e+000
1.554697e+002	-2.081625e+000
1.552744e+002	-2.083875e+000
1.550791e+002	-2.084250e+000
1.548837e+002	-2.085750e+000
1.546884e+002	-2.088375e+000
1.544931e+002	-2.089500e+000
1.542978e+002	-2.092500e+000
1.541025e+002	-2.092500e+000
1.539072e+002	-2.095125e+000
1.537119e+002	-2.095500e+000
1.535165e+002	-2.098500e+000
1.533212e+002	-2.098125e+000
1.531259e+002	-2.102250e+000
1.529306e+002	-2.103000e+000
1.527353e+002	-2.104500e+000
1.525400e+002	-2.106000e+000
1.523447e+002	-2.107125e+000
1.521493e+002	-2.109375e+000
1.519540e+002	-2.111625e+000
1.517587e+002	-2.112000e+000
1.515634e+002	-2.113500e+000
1.513681e+002	-2.116125e+000
1.511728e+002	-2.118000e+000
1.509775e+002	-2.118375e+000
1.507821e+002	-2.120250e+000
1.505868e+002	-2.122875e+000
1.503915e+002	-2.124375e+000
1.501962e+002	-2.125500e+000
1.500009e+002	-2.128500e+000
1.498056e+002	-2.127375e+000
1.496103e+002	-2.131125e+000
1.494149e+002	-2.131125e+000
1.492196e+002	-2.134875e+000
1.490243e+002	-2.135250e+000
1.488290e+002	-2.137500e+000
1.486337e+002	-2.138625e+000
1.484384e+002	-2.140500e+000
1.482431e+002	-2.143125e+000
1.480477e+002	-2.142750e+000
1.478524e+002	-2.145000e+000
1.476571e+002	-2.146875e+000
1.474618e+002	-2.147625e+000
1.472665e+002	-2.150625e+000
1.470712e+002	-2.149875e+000
1.468759e+002	-2.154000e+000
1.466805e+002	-2.154375e+000
1.464852e+002	-2.157000e+000
1.462899e+002	-2.157000e+000
1.460946e+002	-2.160000e+000
1.458993e+002	-2.161875e+000
1.457040e+002	-2.162625e+000
1.455087e+002	-2.163750e+000
1.453134e+002	-2.166750e+000
1.451180e+002	-2.169000e+000
1.449227e+002	-2.168250e+000
1.447274e+002	-2.172000e+000
1.445321e+002	-2.172000e+000
1.443368e+002	-2.174250e+000
1.441415e+002	-2.177625e+000
1.439462e+002	-2.178000e+000
1.437508e+002	-2.179875e+000
1.435555e+002	-2.180625e+000
1.433602e+002	-2.183625e+000
1.431649e+002	-2.183250e+000
1.429696e+002	-2.187375e+000
1.427743e+002	-2.187750e+000
1.425790e+002	-2.189250e+000
1.423836e+002	-2.190000e+000
1.421883e+002	-2.193000e+000
1.419930e+002	-2.194125e+000
1.417977e+002	-2.196750e+000
1.416024e+002	-2.197500e+000
1.414071e+002	-2.198625e+000
1.412118e+002	-2.200875e+000
1.410164e+002	-2.203500e+000
1.408211e+002	-2.204625e+000
1.406258e+002	-2.206125e+000
1.404305e+002	-2.207625e+000
1.402352e+002	-2.208000e+000
1.400399e+002	-2.210250e+000
1.398446e+002	-2.212875e+000
1.396492e+002	-2.212875e+000
1.394539e+002	-2.215125e+000
1.392586e+002	-2.216625e+000
1.390633e+002	-2.218875e+000
1.388680e+002	-2.220750e+000
1.386727e+002	-2.221500e+000
1.384774e+002	-2.223000e+000
1.382820e+002	-2.224875e+000
1.380867e+002	-2.226375e+000
1.378914e+002	-2.228250e+000
1.376961e+002	-2.229375e+000
1.375008e+002	-2.231250e+000
1.373055e+002	-2.234625e+000
1.371102e+002	-2.233500e+000
1.369148e+002	-2.235375e+000
1.367195e+002	-2.238750e+000
1.365242e+002	-2.238750e+000
1.363289e+002	-2.241750e+000
1.361336e+002	-2.242125e+000
1.359383e+002	-2.245875e+000
1.357430e+002	-2.245875e+000
1.355477e+002	-2.247000e+000
1.353523e+002	-2.249250e+000
1.351570e+002	-2.251875e+000
1.349617e+002	-2.253000e+000
1.347664e+002	-2.255625e+000
1.345711e+002	-2.256750e+000
1.343758e+002	-2.257125e+000
1.341805e+002	-2.259750e+000
1.339851e+002	-2.262375e+000
1.337898e+002	-2.263125e+000
1.335945e+002	-2.265000e+000
1.333992e+002	-2.267250e+000
1.332039e+002	-2.266500e+000
1.330086e+002	-2.269500e+000
1.328133e+002	-2.271750e+000
1.326179e+002	-2.271750e+000
1.324226e+002	-2.274000e+000
1.322273e+002	-2.275875e+000
1.320320e+002	-2.276250e+000
1.318367e+002	-2.278875e+000
1.316414e+002	-2.280375e+000
1.314461e+002	-2.283375e+000
1.312507e+002	-2.283375e+000
1.310554e+002	-2.285625e+000
1.308601e+002	-2.287125e+000
1.306648e+002	-2.288250e+000
1.304695e+002	-2.290500e+000
1.302742e+002	-2.291625e+000
1.300789e+002	-2.292000e+000
1.298835e+002	-2.295000e+000
1.296882e+002	-2.297250e+000
1.294929e+002	-2.298375e+000
1.292976e+002	-2.300250e+000
1.291023e+002	-2.301000e+000
1.289070e+002	-2.303250e+000
1.287117e+002	-2.304000e+000
1.285163e+002	-2.307375e+000
1.283210e+002	-2.307375e+000
1.281257e+002	-2.309625e+000
1.279304e+002	-2.311500e+000
1.277351e+002	-2.312250e+000
1.275398e+002	-2.314500e+000
1.273445e+002	-2.316750e+000
1.271491e+002	-2.318250e+000
1.269538e+002	-2.317875e+000
1.267585e+002	-2.322000e+000
1.265632e+002	-2.322750e+000
1.263679e+002	-2.324625e+000
1.261726e+002	-2.326500e+000
1.259773e+002	-2.328000e+000
1.257820e+002	-2.328750e+000
1.255866e+002	-2.332500e+000
1.253913e+002	-2.332500e+000
1.251960e+002	-2.334375e+000
1.250007e+002	-2.335500e+000
1.248054e+002	-2.337750e+000
1.246101e+002	-2.338875e+000
1.244148e+002	-2.341125e+000
1.242194e+002	-2.342250e+000
1.240241e+002	-2.344500e+000
1.238288e+002	-2.345250e+000
1.236335e+002	-2.348250e+000
1.234382e+002	-2.348625e+000
1.232429e+002	-2.350875e+000
1.230476e+002	-2.351250e+000
1.228522e+002	-2.353125e+000
1.226569e+002	-2.355750e+000
1.224616e+002	-2.356875e+000
1.222663e+002	-2.357250e+000
1.220710e+002	-2.361000e+000
1.218757e+002	-2.361750e+000
1.216804e+002	-2.364000e+000
1.214850e+002	-2.364750e+000
1.212897e+002	-2.366250e+000
1.210944e+002	-2.368125e+000
1.208991e+002	-2.369625e+000
1.207038e+002	-2.371875e+000
1.205085e+002	-2.373375e+000
1.203132e+002	-2.374125e+000
1.201178e+002	-2.376375e+000
1.199225e+002	-2.377500e+000
1.197272e+002	-2.379750e+000
1.195319e+002	-2.380875e+000
1.193366e+002	-2.382000e+000
1.191413e+002	-2.384250e+000
1.189460e+002	-2.386500e+000
1.187506e+002	-2.386500e+000
1.185553e+002	-2.389875e+000
1.183600e+002	-2.391000e+000
1.181647e+002	-2.392875e+000
1.179694e+002	-2.393250e+000
1.177741e+002	-2.396625e+000
1.175788e+002	-2.396250e+000
1.173835e+002	-2.400375e+000
1.171881e+002	-2.400750e+000
1.169928e+002	-2.402250e+000
1.167975e+002	-2.404125e+000
1.166022e+002	-2.407125e+000
1.164069e+002	-2.406375e+000
1.162116e+002	-2.409375e+000
1.160163e+002	-2.410500e+000
1.158209e+002	-2.412750e+000
1.156256e+002	-2.412750e+000
1.154303e+002	-2.416125e+000
1.152350e+002	-2.415750e+000
1.150397e+002	-2.419875e+000
1.148444e+002	-2.419500e+000
1.146491e+002	-2.424000e+000
1.144537e+002	-2.423625e+000
1.142584e+002	-2.426625e+000
1.140631e+002	-2.425500e+000
1.138678e+002	-2.429250e+000
1.136725e+002	-2.431500e+000
1.134772e+002	-2.431875e+000
1.132819e+002	-2.433375e+000
1.130865e+002	-2.434875e+000
1.128912e+002	-2.436750e+000
1.126959e+002	-2.438625e+000
1.125006e+002	-2.440875e+000
1.123053e+002	-2.442750e+000
1.121100e+002	-2.442000e+000
1.119147e+002	-2.445000e+000
1.117193e+002	-2.446125e+000
1.115240e+002	-2.448375e+000
1.113287e+002	-2.449500e+000
1.111334e+002	-2.451000e+000
1.109381e+002	-2.452500e+000
1.107428e+002	-2.454000e+000
1.105475e+002	-2.458125e+000
1.103521e+002	-2.458125e+000
1.101568e+002	-2.460000e+000
1.099615e+002	-2.462625e+000
1.097662e+002	-2.461875e+000
1.095709e+002	-2.465625e+000
1.093756e+002	-2.467500e+000
1.091803e+002	-2.469750e+000
1.089849e+002	-2.468625e+000
1.087896e+002	-2.472000e+000
1.085943e+002	-2.473125e+000
1.083990e+002	-2.475000e+000
1.082037e+002	-2.476875e+000
1.080084e+002	-2.478375e+000
1.078131e+002	-2.479125e+000
1.076178e+002	-2.481000e+000
1.074224e+002	-2.482125e+000
1.072271e+002	-2.484000e+000
1.070318e+002	-2.486250e+000
1.068365e+002	-2.488125e+000
1.066412e+002	-2.488500e+000
1.064459e+002	-2.491125e+000
1.062506e+002	-2.492250e+000
1.060552e+002	-2.493750e+000
1.058599e+002	-2.496375e+000
1.056646e+002	-2.496750e+000
1.054693e+002	-2.499375e+000
1.052740e+002	-2.499375e+000
1.050787e+002	-2.502375e+000
1.048834e+002	-2.503875e+000
1.046880e+002	-2.505375e+000
1.044927e+002	-2.508375e+000
1.042974e+002	-2.508375e+000
1.041021e+002	-2.511750e+000
1.039068e+002	-2.511750e+000
1.037115e+002	-2.514375e+000
1.035162e+002	-2.515125e+000
1.033208e+002	-2.518125e+000
1.031255e+002	-2.519250e+000
1.029302e+002	-2.520375e+000
1.027349e+002	-2.521500e+000
1.025396e+002	-2.523375e+000
1.023443e+002	-2.525625e+000
1.021490e+002	-2.527125e+000
1.019536e+002	-2.528625e+000
1.017583e+002	-2.529000e+000
1.015630e+002	-2.531250e+000
1.013677e+002	-2.533875e+000
1.011724e+002	-2.535375e+000
1.009771e+002	-2.537625e+000
1.007818e+002	-2.537625e+000
1.005864e+002	-2.539500e+000
1.003911e+002	-2.541000e+000
1.001958e+002	-2.542875e+000
1.000005e+002	-2.545125e+000
9.980519e+001	-2.547000e+000
9.960988e+001	-2.547375e+000
9.941456e+001	-2.549625e+000
9.921925e+001	-2.551875e+000
9.902394e+001	-2.554125e+000
9.882862e+001	-2.553750e+000
9.863331e+001	-2.555625e+000
9.843799e+001	-2.557875e+000
9.824268e+001	-2.559750e+000
9.804737e+001	-2.562750e+000
9.785205e+001	-2.562750e+000
9.765674e+001	-2.564625e+000
9.746142e+001	-2.564625e+000
9.726611e+001	-2.568000e+000
9.707080e+001	-2.568750e+000
9.687548e+001	-2.571000e+000
9.668017e+001	-2.572875e+000
9.648485e+001	-2.574000e+000
9.628954e+001	-2.575500e+000
9.609423e+001	-2.575875e+000
9.589891e+001	-2.578875e+000
9.570360e+001	-2.580375e+000
9.550828e+001	-2.583000e+000
9.531297e+001	-2.583750e+000
9.511766e+001	-2.585625e+000
9.492234e+001	-2.587125e+000
9.472703e+001	-2.589000e+000
9.453171e+001	-2.591250e+000
9.433640e+001	-2.592750e+000
9.414109e+001	-2.592750e+000
9.394577e+001	-2.594625e+000
9.375046e+001	-2.597250e+000
9.355514e+001	-2.598375e+000
9.335983e+001	-2.600250e+000
9.316452e+001	-2.601750e+000
9.296920e+001	-2.603625e+000
9.277389e+001	-2.604375e+000
9.257857e+001	-2.605875e+000
9.238326e+001	-2.608125e+000
9.218795e+001	-2.609250e+000
9.199263e+001	-2.611125e+000
9.179732e+001	-2.612625e+000
9.160200e+001	-2.615625e+000
9.140669e+001	-2.616750e+000
9.121138e+001	-2.618625e+000
9.101606e+001	-2.620125e+000
9.082075e+001	-2.621625e+000
9.062543e+001	-2.623125e+000
9.043012e+001	-2.624625e+000
9.023481e+001	-2.625375e+000
9.003949e+001	-2.627625e+000
8.984418e+001	-2.630625e+000
8.964886e+001	-2.631375e+000
8.945355e+001	-2.632875e+000
8.925824e+001	-2.634750e+000
8.906292e+001	-2.635500e+000
8.886761e+001	-2.637000e+000
8.867229e+001	-2.639625e+000
8.847698e+001	-2.641125e+000
8.828167e+001	-2.641875e+000
8.808635e+001	-2.643750e+000
8.789104e+001	-2.645250e+000
8.769572e+001	-2.647875e+000
8.750041e+001	-2.648625e+000
8.730510e+001	-2.651625e+000
8.710978e+001	-2.652000e+000
8.691447e+001	-2.654250e+000
8.671915e+001	-2.655375e+000
8.652384e+001	-2.657250e+000
8.632853e+001	-2.659125e+000
8.613321e+001	-2.660250e+000
8.593790e+001	-2.661750e+000
8.574258e+001	-2.662500e+000
8.554727e+001	-2.665125e+000
8.535196e+001	-2.666625e+000
8.515664e+001	-2.668125e+000
8.496133e+001	-2.670750e+000
8.476601e+001	-2.671125e+000
8.457070e+001	-2.672625e+000
8.437539e+001	-2.675250e+000
8.418007e+001	-2.676000e+000
8.398476e+001	-2.677125e+000
8.378944e+001	-2.679375e+000
8.359413e+001	-2.680875e+000
8.339882e+001	-2.682750e+000
8.320350e+001	-2.683875e+000
8.300819e+001	-2.686500e+000
8.281287e+001	-2.686875e+000
8.261756e+001	-2.688750e+000
8.242225e+001	-2.691375e+000
8.222693e+001	-2.692125e+000
8.203162e+001	-2.694000e+000
8.183630e+001	-2.695500e+000
8.164099e+001	-2.697375e+000
8.144568e+001	-2.698875e+000
8.125036e+001	-2.700375e+000
8.105505e+001	-2.702625e+000
8.085973e+001	-2.703375e+000
8.066442e+001	-2.706000e+000
8.046911e+001	-2.706375e+000
8.027379e+001	-2.708625e+000
8.007848e+001	-2.710875e+000
7.988316e+001	-2.711625e+000
7.968785e+001	-2.714250e+000
7.949254e+001	-2.714250e+000
7.929722e+001	-2.716875e+000
7.910191e+001	-2.718000e+000
7.890660e+001	-2.720625e+000
7.871128e+001	-2.721000e+000
7.851597e+001	-2.722875e+000
7.832065e+001	-2.724000e+000
7.812534e+001	-2.726250e+000
7.793003e+001	-2.728125e+000
7.773471e+001	-2.730000e+000
7.753940e+001	-2.731875e+000
7.734408e+001	-2.732250e+000
7.714877e+001	-2.733750e+000
7.695346e+001	-2.735625e+000
7.675814e+001	-2.737125e+000
7.656283e+001	-2.739000e+000
7.636751e+001	-2.740125e+000
7.617220e+001	-2.742000e+000
7.597689e+001	-2.743875e+000
7.578157e+001	-2.745000e+000
7.558626e+001	-2.746875e+000
7.539094e+001	-2.749125e+000
7.519563e+001	-2.750625e+000
7.500032e+001	-2.751750e+000
7.480500e+001	-2.753250e+000
7.460969e+001	-2.755875e+000
7.441437e+001	-2.757000e+000
7.421906e+001	-2.760000e+000
7.402375e+001	-2.760750e+000
7.382843e+001	-2.761500e+000
7.363312e+001	-2.763000e+000
7.343780e+001	-2.765250e+000
7.324249e+001	-2.766750e+000
7.304718e+001	-2.769000e+000
7.285186e+001	-2.769375e+000
7.265655e+001	-2.770875e+000
7.246123e+001	-2.772750e+000
7.226592e+001	-2.775000e+000
7.207061e+001	-2.776125e+000
7.187529e+001	-2.779125e+000
7.167998e+001	-2.779500e+000
7.148466e+001	-2.781375e+000
7.128935e+001	-2.782875e+000
7.109404e+001	-2.784000e+000
7.089872e+001	-2.785875e+000
7.070341e+001	-2.787375e+000
7.050809e+001	-2.789250e+000
7.031278e+001	-2.790000e+000
7.011747e+001	-2.792250e+000
6.992215e+001	-2.794125e+000
6.972684e+001	-2.795625e+000
6.953152e+001	-2.797125e+000
6.933621e+001	-2.798625e+000
6.914090e+001	-2.800500e+000
6.894558e+001	-2.802000e+000
6.875027e+001	-2.803875e+000
6.855495e+001	-2.805000e+000
6.835964e+001	-2.807250e+000
6.816433e+001	-2.808000e+000
6.796901e+001	-2.809500e+000
6.777370e+001	-2.811750e+000
6.757838e+001	-2.813625e+000
6.738307e+001	-2.815125e+000
6.718776e+001	-2.816250e+000
6.699244e+001	-2.818125e+000
6.679713e+001	-2.819250e+000
6.660181e+001	-2.820750e+000
6.640650e+001	-2.823750e+000
6.621119e+001	-2.825250e+000
6.601587e+001	-2.826000e+000
6.582056e+001	-2.827125e+000
6.562524e+001	-2.829000e+000
6.542993e+001	-2.829750e+000
6.523462e+001	-2.832000e+000
6.503930e+001	-2.833125e+000
6.484399e+001	-2.835375e+000
6.464867e+001	-2.837250e+000
6.445336e+001	-2.838375e+000
6.425805e+001	-2.839875e+000
6.406273e+001	-2.841750e+000
6.386742e+001	-2.843250e+000
6.367210e+001	-2.844000e+000
6.347679e+001	-2.845500e+000
6.328148e+001	-2.846250e+000
6.308616e+001	-2.849625e+000
6.289085e+001	-2.850750e+000
6.269553e+001	-2.852250e+000
6.250022e+001	-2.851875e+000
6.230491e+001	-2.854125e+000
6.210959e+001	-2.855625e+000
6.191428e+001	-2.855625e+000
6.171896e+001	-2.857500e+000
6.152365e+001	-2.858250e+000
6.132834e+001	-2.857875e+000
6.113302e+001	-2.857875e+000
6.093771e+001	-2.854125e+000
6.074239e+001	-2.837250e+000
6.054708e+001	-2.808750e+000
6.035177e+001	-2.782875e+000
6.015645e+001	-2.767875e+000
5.996114e+001	-2.754000e+000
5.976582e+001	-2.747625e+000
5.957051e+001	-2.743125e+000
5.937520e+001	-2.739000e+000
5.917988e+001	-2.737500e+000
5.898457e+001	-2.737125e+000
5.878925e+001	-2.737125e+000
5.859394e+001	-2.735625e+000
5.839863e+001	-2.735250e+000
5.820331e+001	-2.733750e+000
5.800800e+001	-2.733750e+000
5.781268e+001	-2.733000e+000
5.761737e+001	-2.732250e+000
5.742206e+001	-2.734500e+000
5.722674e+001	-2.733000e+000
5.703143e+001	-2.733750e+000
5.683611e+001	-2.728875e+000
5.664080e+001	-2.727375e+000
5.644549e+001	-2.727375e+000
5.625017e+001	-2.726250e+000
5.605486e+001	-2.726250e+000
5.585954e+001	-2.725125e+000
5.566423e+001	-2.725500e+000
5.546892e+001	-2.723625e+000
5.527360e+001	-2.724750e+000
5.507829e+001	-2.725125e+000
5.488297e+001	-2.724750e+000
5.468766e+001	-2.724000e+000
5.449235e+001	-2.722875e+000
5.429703e+001	-2.722875e+000
5.410172e+001	-2.723625e+000
5.390640e+001	-2.722500e+000
5.371109e+001	-2.723250e+000
5.351578e+001	-2.724000e+000
5.332046e+001	-2.723250e+000
5.312515e+001	-2.722875e+000
5.292983e+001	-2.724000e+000
5.273452e+001	-2.723250e+000
5.253921e+001	-2.723250e+000
5.234389e+001	-2.723625e+000
5.214858e+001	-2.723625e+000
5.195326e+001	-2.725125e+000
5.175795e+001	-2.725500e+000
5.156264e+001	-2.725125e+000
5.136732e+001	-2.724375e+000
5.117201e+001	-2.723250e+000
5.097669e+001	-2.723625e+000
5.078138e+001	-2.723250e+000
5.058607e+001	-2.722875e+000
5.039075e+001	-2.723625e+000
5.019544e+001	-2.723250e+000
5.000012e+001	-2.724000e+000
4.980481e+001	-2.724375e+000
4.960950e+001	-2.724000e+000
4.941418e+001	-2.723250e+000
4.921887e+001	-2.723625e+000
4.902355e+001	-2.724000e+000
4.882824e+001	-2.724000e+000
4.863293e+001	-2.724000e+000
4.843761e+001	-2.724375e+000
4.824230e+001	-2.724750e+000
4.804699e+001	-2.725125e+000
4.785167e+001	-2.725500e+000
4.765636e+001	-2.725875e+000
4.746104e+001	-2.724750e+000
4.726573e+001	-2.724375e+000
4.707042e+001	-2.725500e+000
4.687510e+001	-2.725500e+000
4.667979e+001	-2.724750e+000
4.648447e+001	-2.724750e+000
4.628916e+001	-2.725875e+000
4.609385e+001	-2.725125e+000
4.589853e+001	-2.725125e+000
4.570322e+001	-2.721750e+000
4.550790e+001	-2.721375e+000
4.531259e+001	-2.720625e+000
4.511728e+001	-2.721375e+000
4.492196e+001	-2.720625e+000
4.472665e+001	-2.721750e+000
4.453133e+001	-2.721375e+000
4.433602e+001	-2.721000e+000
4.414071e+001	-2.721750e+000
4.394539e+001	-2.721375e+000
4.375008e+001	-2.721750e+000
4.355476e+001	-2.720250e+000
4.335945e+001	-2.719500e+000
4.316414e+001	-2.721000e+000
4.296882e+001	-2.721375e+000
4.277351e+001	-2.721375e+000
4.257819e+001	-2.721750e+000
4.238288e+001	-2.720250e+000
4.218757e+001	-2.719875e+000
4.199225e+001	-2.718375e+000
4.179694e+001	-2.718750e+000
4.160162e+001	-2.718750e+000
4.140631e+001	-2.719125e+000
4.121100e+001	-2.719500e+000
4.101568e+001	-2.719500e+000
4.082037e+001	-2.718750e+000
4.062505e+001	-2.717250e+000
4.042974e+001	-2.718375e+000
4.023443e+001	-2.719500e+000
4.003911e+001	-2.719125e+000
3.984380e+001	-2.718750e+000
3.964848e+001	-2.719125e+000
3.945317e+001	-2.719125e+000
3.925786e+001	-2.719875e+000
3.906254e+001	-2.719500e+000
3.886723e+001	-2.719875e+000
3.867191e+001	-2.718750e+000
3.847660e+001	-2.719500e+000
3.828129e+001	-2.718750e+000
3.808597e+001	-2.719500e+000
3.789066e+001	-2.718375e+000
3.769534e+001	-2.720250e+000
3.750003e+001	-2.718750e+000
3.730472e+001	-2.719500e+000
3.710940e+001	-2.719500e+000
3.691409e+001	-2.719875e+000
3.671877e+001	-2.719875e+000
3.652346e+001	-2.719125e+000
3.632815e+001	-2.721000e+000
3.613283e+001	-2.720625e+000
3.593752e+001	-2.721000e+000
3.574220e+001	-2.720625e+000
3.554689e+001	-2.720250e+000
3.535158e+001	-2.719500e+000
3.515626e+001	-2.720250e+000
3.496095e+001	-2.720625e+000
3.476563e+001	-2.720625e+000
3.457032e+001	-2.719875e+000
3.437501e+001	-2.719875e+000
3.417969e+001	-2.719500e+000
3.398438e+001	-2.720250e+000
3.378906e+001	-2.719875e+000
3.359375e+001	-2.720250e+000
3.339844e+001	-2.721000e+000
3.320312e+001	-2.721000e+000
3.300781e+001	-2.720250e+000
3.281249e+001	-2.721000e+000
3.261718e+001	-2.721000e+000
3.242187e+001	-2.720625e+000
3.222655e+001	-2.720625e+000
3.203124e+001	-2.719875e+000
3.183592e+001	-2.719875e+000
3.164061e+001	-2.721000e+000
3.144530e+001	-2.721000e+000
3.124998e+001	-2.720250e+000
3.105467e+001	-2.719875e+000
3.085935e+001	-2.719875e+000
3.066404e+001	-2.721000e+000
3.046873e+001	-2.721000e+000
3.027341e+001	-2.721375e+000
3.007810e+001	-2.720625e+000
2.988278e+001	-2.721375e+000
2.968747e+001	-2.721375e+000
2.949216e+001	-2.721375e+000
2.929685e+001	-2.721000e+000
2.910154e+001	-2.720625e+000
2.890622e+001	-2.721750e+000
2.871091e+001	-2.721375e+000
2.851560e+001	-2.722125e+000
2.832029e+001	-2.722125e+000
2.812497e+001	-2.721750e+000
2.792966e+001	-2.722500e+000
2.773435e+001	-2.721750e+000
2.753904e+001	-2.721750e+000
2.734373e+001	-2.722125e+000
2.714841e+001	-2.721750e+000
2.695310e+001	-2.723250e+000
2.675779e+001	-2.722125e+000
2.656248e+001	-2.722875e+000
2.636716e+001	-2.722500e+000
2.617185e+001	-2.722125e+000
2.597654e+001	-2.722500e+000
2.578123e+001	-2.721000e+000
2.558592e+001	-2.720250e+000
2.539060e+001	-2.721375e+000
2.519529e+001	-2.721000e+000
2.499998e+001	-2.721375e+000
2.480467e+001	-2.721000e+000
2.460935e+001	-2.721375e+000
2.441404e+001	-2.721000e+000
2.421873e+001	-2.721375e+000
2.402342e+001	-2.722500e+000
2.382811e+001	-2.722125e+000
2.363279e+001	-2.722500e+000
2.343748e+001	-2.722875e+000
2.324217e+001	-2.721750e+000
2.304686e+001	-2.722125e+000
2.285154e+001	-2.722125e+000
2.265623e+001	-2.722500e+000
2.246092e+001	-2.722875e+000
2.226561e+001	-2.722125e+000
2.207030e+001	-2.721375e+000
2.187498e+001	-2.722500e+000
2.167967e+001	-2.722500e+000
2.148436e+001	-2.722875e+000
2.128905e+001	-2.723250e+000
2.109373e+001	-2.722875e+000
2.089842e+001	-2.722875e+000
2.070311e+001	-2.723625e+000
2.050780e+001	-2.722125e+000
2.031249e+001	-2.722125e+000
2.011717e+001	-2.723250e+000
1.992186e+001	-2.722875e+000
1.972655e+001	-2.724000e+000
1.953124e+001	-2.723250e+000
1.933592e+001	-2.723250e+000
1.914061e+001	-2.724375e+000
1.894530e+001	-2.724000e+000
1.874999e+001	-2.725125e+000
1.855468e+001	-2.724375e+000
1.835936e+001	-2.724000e+000
1.816405e+001	-2.724000e+000
1.796874e+001	-2.724375e+000
1.777343e+001	-2.724375e+000
1.757811e+001	-2.725500e+000
1.738280e+001	-2.725875e+000
1.718749e+001	-2.725125e+000
1.699218e+001	-2.725125e+000
1.679687e+001	-2.725500e+000
1.660155e+001	-2.725500e+000
1.640624e+001	-2.725500e+000
1.621093e+001	-2.724750e+000
1.601562e+001	-2.724750e+000
1.582031e+001	-2.724750e+000
1.562499e+001	-2.724375e+000
1.542968e+001	-2.724750e+000
1.523437e+001	-2.725125e+000
1.503906e+001	-2.725875e+000
1.484374e+001	-2.725500e+000
1.464843e+001	-2.725125e+000
1.445312e+001	-2.726250e+000
1.425781e+001	-2.725500e+000
1.406250e+001	-2.725875e+000
1.386718e+001	-2.725125e+000
1.367187e+001	-2.725125e+000
1.347656e+001	-2.726250e+000
1.328125e+001	-2.725500e+000
1.308593e+001	-2.726625e+000
1.289062e+001	-2.724750e+000
1.269531e+001	-2.725500e+000
1.250000e+001	-2.726250e+000
1.230469e+001	-2.725500e+000
1.210937e+001	-2.724750e+000
1.191406e+001	-2.725500e+000
1.171875e+001	-2.725125e+000
1.152344e+001	-2.725500e+000
1.132812e+001	-2.725125e+000
1.113281e+001	-2.724750e+000
1.093750e+001	-2.725875e+000
1.074219e+001	-2.724750e+000
1.054688e+001	-2.725125e+000
1.035156e+001	-2.725875e+000
1.015625e+001	-2.725875e+000
9.960939e+000	-2.725875e+000
9.765627e+000	-2.726250e+000
9.570314e+000	-2.726250e+000
9.375002e+000	-2.726625e+000
9.179690e+000	-2.727750e+000
8.984378e+000	-2.727750e+000
8.789065e+000	-2.727000e+000
8.593753e+000	-2.727000e+000
8.398441e+000	-2.727375e+000
8.203129e+000	-2.727000e+000
8.007817e+000	-2.727750e+000
7.812504e+000	-2.727000e+000
7.617192e+000	-2.728125e+000
7.421880e+000	-2.728875e+000
7.226567e+000	-2.727375e+000
7.031254e+000	-2.728500e+000
6.835942e+000	-2.727750e+000
6.640629e+000	-2.727000e+000
6.445316e+000	-2.726625e+000
6.250004e+000	-2.727000e+000
6.054691e+000	-2.727000e+000
5.859378e+000	-2.727750e+000
5.664066e+000	-2.727375e+000
5.468753e+000	-2.727375e+000
5.273440e+000	-2.727000e+000
5.078128e+000	-2.725875e+000
4.882815e+000	-2.726625e+000
4.687502e+000	-2.726625e+000
4.492190e+000	-2.727000e+000
4.296877e+000	-2.726625e+000
4.101564e+000	-2.726625e+000
3.906252e+000	-2.727000e+000
3.710939e+000	-2.727750e+000
3.515627e+000	-2.727375e+000
3.320314e+000	-2.727750e+000
3.125002e+000	-2.727375e+000
2.929690e+000	-2.727000e+000
2.734377e+000	-2.727750e+000
2.539065e+000	-2.727000e+000
2.343752e+000	-2.727000e+000
2.148440e+000	-2.727750e+000
1.953127e+000	-2.727375e+000
1.757815e+000	-2.728125e+000
1.562503e+000	-2.727750e+000
1.367190e+000	-2.727375e+000
1.171878e+000	-2.727000e+000
9.765653e-001	-2.726625e+000
7.812528e-001	-2.727750e+000
5.859403e-001	-2.727750e+000
3.906278e-001	-2.727750e+000
1.953153e-001	-2.727375e+000
