    nm         	 V
2.982439e+002	-8.370000e-001
2.979509e+002	-8.392500e-001
2.976579e+002	-8.403750e-001
2.973649e+002	-8.407500e-001
2.970720e+002	-8.422500e-001
2.967790e+002	-8.467500e-001
2.964860e+002	-8.486250e-001
2.961931e+002	-8.501250e-001
2.959001e+002	-8.527500e-001
2.956071e+002	-8.523750e-001
2.953142e+002	-8.535000e-001
2.950212e+002	-8.602500e-001
2.947282e+002	-8.606250e-001
2.944352e+002	-8.610000e-001
2.941423e+002	-8.647500e-001
2.938493e+002	-8.662500e-001
2.935563e+002	-8.677500e-001
2.932634e+002	-8.726250e-001
2.929704e+002	-8.726250e-001
2.926774e+002	-8.760000e-001
2.923844e+002	-8.778750e-001
2.920915e+002	-8.790000e-001
2.917985e+002	-8.823750e-001
2.915055e+002	-8.857500e-001
2.912126e+002	-8.872500e-001
2.909196e+002	-8.883750e-001
2.906266e+002	-8.910000e-001
2.903336e+002	-8.943750e-001
2.900407e+002	-8.951250e-001
2.897477e+002	-8.996250e-001
2.894547e+002	-9.011250e-001
2.891618e+002	-9.026250e-001
2.888688e+002	-9.063750e-001
2.885758e+002	-9.078750e-001
2.882828e+002	-9.112500e-001
2.879899e+002	-9.127500e-001
2.876969e+002	-9.153750e-001
2.874039e+002	-9.172500e-001
2.871110e+002	-9.187500e-001
2.868180e+002	-9.232500e-001
2.865250e+002	-9.240000e-001
2.862321e+002	-9.277500e-001
2.859391e+002	-9.288750e-001
2.856461e+002	-9.322500e-001
2.853531e+002	-9.333750e-001
2.850602e+002	-9.371250e-001
2.847672e+002	-9.386250e-001
2.844742e+002	-9.438750e-001
2.841813e+002	-9.438750e-001
2.838883e+002	-9.465000e-001
2.835953e+002	-9.487500e-001
2.833023e+002	-9.495000e-001
2.830094e+002	-9.532500e-001
2.827164e+002	-9.570000e-001
2.824234e+002	-9.588750e-001
2.821305e+002	-9.607500e-001
2.818375e+002	-9.622500e-001
2.815445e+002	-9.660000e-001
2.812515e+002	-9.678750e-001
2.809586e+002	-9.705000e-001
2.806656e+002	-9.731250e-001
2.803726e+002	-9.750000e-001
2.800797e+002	-9.772500e-001
2.797867e+002	-9.798750e-001
2.794937e+002	-9.843750e-001
2.792007e+002	-9.855000e-001
2.789078e+002	-9.888750e-001
2.786148e+002	-9.885000e-001
2.783218e+002	-9.915000e-001
2.780289e+002	-9.945000e-001
2.777359e+002	-9.967500e-001
2.774429e+002	-1.000500e+000
2.771500e+002	-1.002750e+000
2.768570e+002	-1.004250e+000
2.765640e+002	-1.006500e+000
2.762710e+002	-1.010625e+000
2.759781e+002	-1.012500e+000
2.756851e+002	-1.014375e+000
2.753921e+002	-1.017000e+000
2.750992e+002	-1.018125e+000
2.748062e+002	-1.022250e+000
2.745132e+002	-1.024500e+000
2.742202e+002	-1.027500e+000
2.739273e+002	-1.029375e+000
2.736343e+002	-1.031250e+000
2.733413e+002	-1.032375e+000
2.730484e+002	-1.036125e+000
2.727554e+002	-1.039500e+000
2.724624e+002	-1.041375e+000
2.721694e+002	-1.043625e+000
2.718765e+002	-1.046625e+000
2.715835e+002	-1.047750e+000
2.712905e+002	-1.051500e+000
2.709976e+002	-1.053750e+000
2.707046e+002	-1.055625e+000
2.704116e+002	-1.057500e+000
2.701186e+002	-1.061625e+000
2.698257e+002	-1.062375e+000
2.695327e+002	-1.065375e+000
2.692397e+002	-1.066500e+000
2.689468e+002	-1.070625e+000
2.686538e+002	-1.072500e+000
2.683608e+002	-1.074000e+000
2.680679e+002	-1.078500e+000
2.677749e+002	-1.079625e+000
2.674819e+002	-1.081875e+000
2.671889e+002	-1.085250e+000
2.668960e+002	-1.087500e+000
2.666030e+002	-1.089375e+000
2.663100e+002	-1.091625e+000
2.660171e+002	-1.094625e+000
2.657241e+002	-1.096875e+000
2.654311e+002	-1.100625e+000
2.651381e+002	-1.101375e+000
2.648452e+002	-1.104000e+000
2.645522e+002	-1.106250e+000
2.642592e+002	-1.108875e+000
2.639663e+002	-1.111875e+000
2.636733e+002	-1.114125e+000
2.633803e+002	-1.116375e+000
2.630873e+002	-1.119000e+000
2.627944e+002	-1.122375e+000
2.625014e+002	-1.124250e+000
2.622084e+002	-1.126500e+000
2.619155e+002	-1.128000e+000
2.616225e+002	-1.130625e+000
2.613295e+002	-1.134000e+000
2.610365e+002	-1.135875e+000
2.607436e+002	-1.138875e+000
2.604506e+002	-1.141875e+000
2.601576e+002	-1.144125e+000
2.598647e+002	-1.146000e+000
2.595717e+002	-1.148625e+000
2.592787e+002	-1.150125e+000
2.589858e+002	-1.152375e+000
2.586928e+002	-1.156125e+000
2.583998e+002	-1.158375e+000
2.581068e+002	-1.159875e+000
2.578139e+002	-1.164000e+000
2.575209e+002	-1.166250e+000
2.572279e+002	-1.168125e+000
2.569350e+002	-1.171125e+000
2.566420e+002	-1.173375e+000
2.563490e+002	-1.175625e+000
2.560560e+002	-1.177875e+000
2.557631e+002	-1.181625e+000
2.554701e+002	-1.183500e+000
2.551771e+002	-1.186125e+000
2.548842e+002	-1.188375e+000
2.545912e+002	-1.189125e+000
2.542982e+002	-1.192500e+000
2.540052e+002	-1.195500e+000
2.537123e+002	-1.197375e+000
2.534193e+002	-1.200375e+000
2.531263e+002	-1.201875e+000
2.528334e+002	-1.205625e+000
2.525404e+002	-1.207875e+000
2.522474e+002	-1.210875e+000
2.519544e+002	-1.211625e+000
2.516615e+002	-1.215000e+000
2.513685e+002	-1.217250e+000
2.510755e+002	-1.218375e+000
2.507826e+002	-1.223625e+000
2.504896e+002	-1.225125e+000
2.501966e+002	-1.227000e+000
2.499036e+002	-1.229250e+000
2.496107e+002	-1.231875e+000
2.493177e+002	-1.234125e+000
2.490247e+002	-1.237500e+000
2.487318e+002	-1.239750e+000
2.484388e+002	-1.242375e+000
2.481458e+002	-1.243125e+000
2.478529e+002	-1.247625e+000
2.475599e+002	-1.249875e+000
2.472669e+002	-1.251000e+000
2.469739e+002	-1.254750e+000
2.466810e+002	-1.256250e+000
2.463880e+002	-1.258500e+000
2.460950e+002	-1.263000e+000
2.458021e+002	-1.264125e+000
2.455091e+002	-1.266000e+000
2.452161e+002	-1.269375e+000
2.449231e+002	-1.270500e+000
2.446302e+002	-1.275375e+000
2.443372e+002	-1.277250e+000
2.440442e+002	-1.278375e+000
2.437513e+002	-1.280250e+000
2.434583e+002	-1.283625e+000
2.431653e+002	-1.287000e+000
2.428723e+002	-1.289625e+000
2.425794e+002	-1.291875e+000
2.422864e+002	-1.293750e+000
2.419934e+002	-1.296000e+000
2.417005e+002	-1.299375e+000
2.414075e+002	-1.301625e+000
2.411145e+002	-1.303875e+000
2.408215e+002	-1.308000e+000
2.405286e+002	-1.308750e+000
2.402356e+002	-1.311375e+000
2.399426e+002	-1.314000e+000
2.396497e+002	-1.318125e+000
2.393567e+002	-1.318125e+000
2.390637e+002	-1.321875e+000
2.387708e+002	-1.323375e+000
2.384778e+002	-1.325250e+000
2.381848e+002	-1.329375e+000
2.378918e+002	-1.331625e+000
2.375989e+002	-1.333500e+000
2.373059e+002	-1.335000e+000
2.370129e+002	-1.337625e+000
2.367200e+002	-1.339875e+000
2.364270e+002	-1.344375e+000
2.361340e+002	-1.346625e+000
2.358410e+002	-1.347000e+000
2.355481e+002	-1.351125e+000
2.352551e+002	-1.354500e+000
2.349621e+002	-1.355250e+000
2.346692e+002	-1.359750e+000
2.343762e+002	-1.361625e+000
2.340832e+002	-1.363500e+000
2.337902e+002	-1.365375e+000
2.334973e+002	-1.369125e+000
2.332043e+002	-1.370625e+000
2.329113e+002	-1.374375e+000
2.326184e+002	-1.375875e+000
2.323254e+002	-1.377375e+000
2.320324e+002	-1.380375e+000
2.317394e+002	-1.384500e+000
2.314465e+002	-1.386000e+000
2.311535e+002	-1.387125e+000
2.308605e+002	-1.390500e+000
2.305676e+002	-1.392375e+000
2.302746e+002	-1.396125e+000
2.299816e+002	-1.399125e+000
2.296887e+002	-1.401750e+000
2.293957e+002	-1.402500e+000
2.291027e+002	-1.406250e+000
2.288097e+002	-1.407750e+000
2.285168e+002	-1.411125e+000
2.282238e+002	-1.413375e+000
2.279308e+002	-1.414500e+000
2.276379e+002	-1.417500e+000
2.273449e+002	-1.420875e+000
2.270519e+002	-1.423125e+000
2.267589e+002	-1.425375e+000
2.264660e+002	-1.427250e+000
2.261730e+002	-1.429500e+000
2.258800e+002	-1.432125e+000
2.255871e+002	-1.436250e+000
2.252941e+002	-1.438125e+000
2.250011e+002	-1.439625e+000
2.247081e+002	-1.442250e+000
2.244152e+002	-1.445250e+000
2.241222e+002	-1.447500e+000
2.238292e+002	-1.450125e+000
2.235363e+002	-1.452750e+000
2.232433e+002	-1.455000e+000
2.229503e+002	-1.456500e+000
2.226573e+002	-1.459500e+000
2.223644e+002	-1.461375e+000
2.220714e+002	-1.465500e+000
2.217784e+002	-1.467375e+000
2.214855e+002	-1.468500e+000
2.211925e+002	-1.471875e+000
2.208995e+002	-1.475250e+000
2.206066e+002	-1.476750e+000
2.203136e+002	-1.480500e+000
2.200206e+002	-1.483125e+000
2.197276e+002	-1.483875e+000
2.194347e+002	-1.487625e+000
2.191417e+002	-1.490250e+000
2.188487e+002	-1.492500e+000
2.185558e+002	-1.494750e+000
2.182628e+002	-1.498125e+000
2.179698e+002	-1.499250e+000
2.176768e+002	-1.501875e+000
2.173839e+002	-1.505250e+000
2.170909e+002	-1.506750e+000
2.167979e+002	-1.510500e+000
2.165050e+002	-1.512750e+000
2.162120e+002	-1.513875e+000
2.159190e+002	-1.517250e+000
2.156260e+002	-1.520625e+000
2.153331e+002	-1.521750e+000
2.150401e+002	-1.522875e+000
2.147471e+002	-1.527375e+000
2.144542e+002	-1.529250e+000
2.141612e+002	-1.532250e+000
2.138682e+002	-1.534500e+000
2.135752e+002	-1.536750e+000
2.132823e+002	-1.538250e+000
2.129893e+002	-1.542375e+000
2.126963e+002	-1.543500e+000
2.124034e+002	-1.545750e+000
2.121104e+002	-1.548000e+000
2.118174e+002	-1.550625e+000
2.115245e+002	-1.552875e+000
2.112315e+002	-1.556625e+000
2.109385e+002	-1.559625e+000
2.106455e+002	-1.560375e+000
2.103526e+002	-1.563750e+000
2.100596e+002	-1.565250e+000
2.097666e+002	-1.567500e+000
2.094737e+002	-1.571250e+000
2.091807e+002	-1.573500e+000
2.088877e+002	-1.575750e+000
2.085947e+002	-1.578000e+000
2.083018e+002	-1.581375e+000
2.080088e+002	-1.582500e+000
2.077158e+002	-1.585875e+000
2.074229e+002	-1.588500e+000
2.071299e+002	-1.590375e+000
2.068369e+002	-1.592625e+000
2.065439e+002	-1.596000e+000
2.062510e+002	-1.598250e+000
2.059580e+002	-1.600875e+000
2.056650e+002	-1.602750e+000
2.053721e+002	-1.604625e+000
2.050791e+002	-1.608750e+000
2.047861e+002	-1.611000e+000
2.044931e+002	-1.612875e+000
2.042002e+002	-1.615500e+000
2.039072e+002	-1.618500e+000
2.036142e+002	-1.620000e+000
2.033213e+002	-1.623375e+000
2.030283e+002	-1.626750e+000
2.027353e+002	-1.627125e+000
2.024424e+002	-1.630500e+000
2.021494e+002	-1.632375e+000
2.018564e+002	-1.635750e+000
2.015634e+002	-1.637250e+000
2.012705e+002	-1.641000e+000
2.009775e+002	-1.642500e+000
2.006845e+002	-1.644750e+000
2.003916e+002	-1.647750e+000
2.000986e+002	-1.649625e+000
1.998056e+002	-1.652250e+000
1.995126e+002	-1.654875e+000
1.992197e+002	-1.657500e+000
1.989267e+002	-1.659375e+000
1.986337e+002	-1.663125e+000
1.983408e+002	-1.664250e+000
1.980478e+002	-1.666500e+000
1.977548e+002	-1.670250e+000
1.974618e+002	-1.672125e+000
1.971689e+002	-1.673250e+000
1.968759e+002	-1.677000e+000
1.965829e+002	-1.680375e+000
1.962900e+002	-1.681500e+000
1.959970e+002	-1.684875e+000
1.957040e+002	-1.686000e+000
1.954110e+002	-1.688625e+000
1.951181e+002	-1.692000e+000
1.948251e+002	-1.693875e+000
1.945321e+002	-1.697250e+000
1.942392e+002	-1.699125e+000
1.939462e+002	-1.701000e+000
1.936532e+002	-1.703250e+000
1.933603e+002	-1.706250e+000
1.930673e+002	-1.708500e+000
1.927743e+002	-1.711125e+000
1.924813e+002	-1.714125e+000
1.921884e+002	-1.717500e+000
1.918954e+002	-1.718250e+000
1.916024e+002	-1.721250e+000
1.913095e+002	-1.724250e+000
1.910165e+002	-1.726125e+000
1.907235e+002	-1.729125e+000
1.904305e+002	-1.732125e+000
1.901376e+002	-1.733625e+000
1.898446e+002	-1.736250e+000
1.895516e+002	-1.738875e+000
1.892587e+002	-1.740750e+000
1.889657e+002	-1.744125e+000
1.886727e+002	-1.746000e+000
1.883797e+002	-1.747500e+000
1.880868e+002	-1.750500e+000
1.877938e+002	-1.754625e+000
1.875008e+002	-1.755750e+000
1.872079e+002	-1.757250e+000
1.869149e+002	-1.760250e+000
1.866219e+002	-1.761750e+000
1.863289e+002	-1.764750e+000
1.860360e+002	-1.768875e+000
1.857430e+002	-1.770750e+000
1.854500e+002	-1.772250e+000
1.851571e+002	-1.775250e+000
1.848641e+002	-1.778250e+000
1.845711e+002	-1.780125e+000
1.842782e+002	-1.783500e+000
1.839852e+002	-1.785750e+000
1.836922e+002	-1.786875e+000
1.833992e+002	-1.789500e+000
1.831063e+002	-1.792500e+000
1.828133e+002	-1.795500e+000
1.825203e+002	-1.798500e+000
1.822274e+002	-1.800000e+000
1.819344e+002	-1.802625e+000
1.816414e+002	-1.805250e+000
1.813484e+002	-1.808625e+000
1.810555e+002	-1.810500e+000
1.807625e+002	-1.812375e+000
1.804695e+002	-1.814625e+000
1.801766e+002	-1.817250e+000
1.798836e+002	-1.820250e+000
1.795906e+002	-1.822875e+000
1.792976e+002	-1.825875e+000
1.790047e+002	-1.827375e+000
1.787117e+002	-1.829625e+000
1.784187e+002	-1.831500e+000
1.781258e+002	-1.834500e+000
1.778328e+002	-1.838250e+000
1.775398e+002	-1.840125e+000
1.772468e+002	-1.842750e+000
1.769539e+002	-1.845000e+000
1.766609e+002	-1.848375e+000
1.763679e+002	-1.849500e+000
1.760750e+002	-1.853250e+000
1.757820e+002	-1.855125e+000
1.754890e+002	-1.858500e+000
1.751960e+002	-1.860375e+000
1.749031e+002	-1.861875e+000
1.746101e+002	-1.865250e+000
1.743171e+002	-1.867875e+000
1.740242e+002	-1.870125e+000
1.737312e+002	-1.873125e+000
1.734382e+002	-1.874625e+000
1.731453e+002	-1.876500e+000
1.728523e+002	-1.879500e+000
1.725593e+002	-1.882125e+000
1.722663e+002	-1.884375e+000
1.719734e+002	-1.887750e+000
1.716804e+002	-1.890000e+000
1.713874e+002	-1.891500e+000
1.710945e+002	-1.894500e+000
1.708015e+002	-1.897125e+000
1.705085e+002	-1.899375e+000
1.702155e+002	-1.901625e+000
1.699226e+002	-1.903875e+000
1.696296e+002	-1.905750e+000
1.693366e+002	-1.909125e+000
1.690437e+002	-1.912875e+000
1.687507e+002	-1.915125e+000
1.684577e+002	-1.917000e+000
1.681647e+002	-1.918875e+000
1.678718e+002	-1.921500e+000
1.675788e+002	-1.924125e+000
1.672858e+002	-1.927125e+000
1.669929e+002	-1.928625e+000
1.666999e+002	-1.931625e+000
1.664069e+002	-1.934625e+000
1.661139e+002	-1.936500e+000
1.658210e+002	-1.939125e+000
1.655280e+002	-1.941375e+000
1.652350e+002	-1.943625e+000
1.649421e+002	-1.945500e+000
1.646491e+002	-1.948875e+000
1.643561e+002	-1.951125e+000
1.640632e+002	-1.953000e+000
1.637702e+002	-1.956750e+000
1.634772e+002	-1.958625e+000
1.631842e+002	-1.960875e+000
1.628913e+002	-1.963125e+000
1.625983e+002	-1.966125e+000
1.623053e+002	-1.968000e+000
1.620124e+002	-1.970625e+000
1.617194e+002	-1.974375e+000
1.614264e+002	-1.975875e+000
1.611334e+002	-1.978500e+000
1.608405e+002	-1.981125e+000
1.605475e+002	-1.984125e+000
1.602545e+002	-1.984500e+000
1.599616e+002	-1.987125e+000
1.596686e+002	-1.990500e+000
1.593756e+002	-1.993875e+000
1.590826e+002	-1.996125e+000
1.587897e+002	-1.998375e+000
1.584967e+002	-1.999500e+000
1.582037e+002	-2.002125e+000
1.579108e+002	-2.004750e+000
1.576178e+002	-2.008875e+000
1.573248e+002	-2.010000e+000
1.570318e+002	-2.012625e+000
1.567389e+002	-2.014875e+000
1.564459e+002	-2.017500e+000
1.561529e+002	-2.019750e+000
1.558600e+002	-2.023125e+000
1.555670e+002	-2.025000e+000
1.552740e+002	-2.027250e+000
1.549811e+002	-2.029125e+000
1.546881e+002	-2.032500e+000
1.543951e+002	-2.035875e+000
1.541021e+002	-2.037750e+000
1.538092e+002	-2.040000e+000
1.535162e+002	-2.042250e+000
1.532232e+002	-2.044125e+000
1.529303e+002	-2.047125e+000
1.526373e+002	-2.050875e+000
1.523443e+002	-2.052375e+000
1.520513e+002	-2.054250e+000
1.517584e+002	-2.056875e+000
1.514654e+002	-2.059500e+000
1.511724e+002	-2.061750e+000
1.508795e+002	-2.064750e+000
1.505865e+002	-2.067375e+000
1.502935e+002	-2.068875e+000
1.500005e+002	-2.071500e+000
1.497076e+002	-2.073750e+000
1.494146e+002	-2.077500e+000
1.491216e+002	-2.079375e+000
1.488287e+002	-2.080875e+000
1.485357e+002	-2.082000e+000
1.482427e+002	-2.085750e+000
1.479497e+002	-2.088750e+000
1.476568e+002	-2.091750e+000
1.473638e+002	-2.093625e+000
1.470708e+002	-2.095875e+000
1.467779e+002	-2.098125e+000
1.464849e+002	-2.100375e+000
1.461919e+002	-2.103375e+000
1.458990e+002	-2.105250e+000
1.456060e+002	-2.108250e+000
1.453130e+002	-2.110125e+000
1.450200e+002	-2.112750e+000
1.447271e+002	-2.115000e+000
1.444341e+002	-2.118375e+000
1.441411e+002	-2.121375e+000
1.438482e+002	-2.123625e+000
1.435552e+002	-2.125500e+000
1.432622e+002	-2.127000e+000
1.429692e+002	-2.130000e+000
1.426763e+002	-2.132625e+000
1.423833e+002	-2.134875e+000
1.420903e+002	-2.136750e+000
1.417974e+002	-2.139750e+000
1.415044e+002	-2.142000e+000
1.412114e+002	-2.144250e+000
1.409184e+002	-2.147250e+000
1.406255e+002	-2.149875e+000
1.403325e+002	-2.151375e+000
1.400395e+002	-2.154375e+000
1.397466e+002	-2.157375e+000
1.394536e+002	-2.160000e+000
1.391606e+002	-2.161125e+000
1.388676e+002	-2.164125e+000
1.385747e+002	-2.167500e+000
1.382817e+002	-2.169750e+000
1.379887e+002	-2.172000e+000
1.376958e+002	-2.173875e+000
1.374028e+002	-2.176875e+000
1.371098e+002	-2.178375e+000
1.368169e+002	-2.180625e+000
1.365239e+002	-2.184375e+000
1.362309e+002	-2.185875e+000
1.359379e+002	-2.188500e+000
1.356450e+002	-2.191875e+000
1.353520e+002	-2.193750e+000
1.350590e+002	-2.195625e+000
1.347661e+002	-2.198250e+000
1.344731e+002	-2.201250e+000
1.341801e+002	-2.203500e+000
1.338871e+002	-2.206500e+000
1.335942e+002	-2.208000e+000
1.333012e+002	-2.211000e+000
1.330082e+002	-2.212500e+000
1.327153e+002	-2.215875e+000
1.324223e+002	-2.218125e+000
1.321293e+002	-2.221125e+000
1.318363e+002	-2.221875e+000
1.315434e+002	-2.224875e+000
1.312504e+002	-2.227500e+000
1.309574e+002	-2.230875e+000
1.306645e+002	-2.232750e+000
1.303715e+002	-2.235750e+000
1.300785e+002	-2.237625e+000
1.297855e+002	-2.239500e+000
1.294926e+002	-2.241375e+000
1.291996e+002	-2.245125e+000
1.289066e+002	-2.247750e+000
1.286137e+002	-2.249625e+000
1.283207e+002	-2.251875e+000
1.280277e+002	-2.254500e+000
1.277348e+002	-2.257500e+000
1.274418e+002	-2.259375e+000
1.271488e+002	-2.261625e+000
1.268558e+002	-2.264250e+000
1.265629e+002	-2.266500e+000
1.262699e+002	-2.269875e+000
1.259769e+002	-2.271375e+000
1.256840e+002	-2.273625e+000
1.253910e+002	-2.276250e+000
1.250980e+002	-2.278875e+000
1.248050e+002	-2.281125e+000
1.245121e+002	-2.283750e+000
1.242191e+002	-2.286750e+000
1.239261e+002	-2.287875e+000
1.236332e+002	-2.289750e+000
1.233402e+002	-2.292750e+000
1.230472e+002	-2.295750e+000
1.227542e+002	-2.298375e+000
1.224613e+002	-2.301750e+000
1.221683e+002	-2.302500e+000
1.218753e+002	-2.305125e+000
1.215824e+002	-2.307375e+000
1.212894e+002	-2.310000e+000
1.209964e+002	-2.312250e+000
1.207034e+002	-2.314500e+000
1.204105e+002	-2.316750e+000
1.201175e+002	-2.319375e+000
1.198245e+002	-2.322000e+000
1.195316e+002	-2.323875e+000
1.192386e+002	-2.326875e+000
1.189456e+002	-2.328750e+000
1.186527e+002	-2.330250e+000
1.183597e+002	-2.332875e+000
1.180667e+002	-2.335125e+000
1.177737e+002	-2.337000e+000
1.174808e+002	-2.339625e+000
1.171878e+002	-2.343000e+000
1.168948e+002	-2.344875e+000
1.166019e+002	-2.346375e+000
1.163089e+002	-2.349000e+000
1.160159e+002	-2.351250e+000
1.157229e+002	-2.352375e+000
1.154300e+002	-2.354250e+000
1.151370e+002	-2.356125e+000
1.148440e+002	-2.358000e+000
1.145511e+002	-2.360250e+000
1.142581e+002	-2.361375e+000
1.139651e+002	-2.361750e+000
1.136721e+002	-2.364000e+000
1.133792e+002	-2.364000e+000
1.130862e+002	-2.364000e+000
1.127932e+002	-2.362125e+000
1.125003e+002	-2.350500e+000
1.122073e+002	-2.307750e+000
1.119143e+002	-2.038500e+000
1.116213e+002	-1.899375e+000
1.113284e+002	-1.876875e+000
1.110354e+002	-1.871250e+000
1.107424e+002	-1.867500e+000
1.104495e+002	-1.866000e+000
1.101565e+002	-1.862250e+000
1.098635e+002	-1.860750e+000
1.095705e+002	-1.859250e+000
1.092776e+002	-1.858125e+000
1.089846e+002	-1.856625e+000
1.086916e+002	-1.855875e+000
1.083987e+002	-1.856625e+000
1.081057e+002	-1.854750e+000
1.078127e+002	-1.855125e+000
1.075198e+002	-1.854000e+000
1.072268e+002	-1.854750e+000
1.069338e+002	-1.853625e+000
1.066408e+002	-1.852125e+000
1.063479e+002	-1.852125e+000
1.060549e+002	-1.852125e+000
1.057619e+002	-1.852125e+000
1.054690e+002	-1.852500e+000
1.051760e+002	-1.851000e+000
1.048830e+002	-1.850625e+000
1.045900e+002	-1.850250e+000
1.042971e+002	-1.850250e+000
1.040041e+002	-1.850625e+000
1.037111e+002	-1.849125e+000
1.034182e+002	-1.849125e+000
1.031252e+002	-1.849875e+000
1.028322e+002	-1.848750e+000
1.025392e+002	-1.848750e+000
1.022463e+002	-1.848000e+000
1.019533e+002	-1.847250e+000
1.016603e+002	-1.847625e+000
1.013674e+002	-1.847625e+000
1.010744e+002	-1.848000e+000
1.007814e+002	-1.846500e+000
1.004884e+002	-1.846500e+000
1.001955e+002	-1.846500e+000
9.990251e+001	-1.846875e+000
9.960954e+001	-1.846125e+000
9.931657e+001	-1.845750e+000
9.902359e+001	-1.845000e+000
9.873062e+001	-1.845375e+000
9.843765e+001	-1.845000e+000
9.814468e+001	-1.844250e+000
9.785171e+001	-1.844250e+000
9.755874e+001	-1.844625e+000
9.726577e+001	-1.843875e+000
9.697280e+001	-1.844250e+000
9.667983e+001	-1.843875e+000
9.638686e+001	-1.843500e+000
9.609388e+001	-1.843875e+000
9.580091e+001	-1.843875e+000
9.550794e+001	-1.844250e+000
9.521497e+001	-1.843875e+000
9.492200e+001	-1.844250e+000
9.462903e+001	-1.843875e+000
9.433606e+001	-1.842000e+000
9.404309e+001	-1.841625e+000
9.375012e+001	-1.841625e+000
9.345715e+001	-1.842375e+000
9.316418e+001	-1.842000e+000
9.287120e+001	-1.842000e+000
9.257823e+001	-1.842375e+000
9.228526e+001	-1.841625e+000
9.199229e+001	-1.840875e+000
9.169932e+001	-1.842000e+000
9.140635e+001	-1.840500e+000
9.111338e+001	-1.842000e+000
9.082041e+001	-1.841250e+000
9.052744e+001	-1.840875e+000
9.023447e+001	-1.840875e+000
8.994149e+001	-1.841625e+000
8.964852e+001	-1.842000e+000
8.935555e+001	-1.842000e+000
8.906258e+001	-1.841625e+000
8.876961e+001	-1.841625e+000
8.847664e+001	-1.841625e+000
8.818367e+001	-1.841625e+000
8.789070e+001	-1.841250e+000
8.759773e+001	-1.840875e+000
8.730476e+001	-1.841250e+000
8.701178e+001	-1.841625e+000
8.671881e+001	-1.841625e+000
8.642584e+001	-1.842000e+000
8.613287e+001	-1.842375e+000
8.583990e+001	-1.841250e+000
8.554693e+001	-1.840875e+000
8.525396e+001	-1.840875e+000
8.496099e+001	-1.841625e+000
8.466802e+001	-1.840500e+000
8.437505e+001	-1.841625e+000
8.408207e+001	-1.840875e+000
8.378910e+001	-1.840500e+000
8.349613e+001	-1.840125e+000
8.320316e+001	-1.840500e+000
8.291019e+001	-1.841250e+000
8.261722e+001	-1.840125e+000
8.232425e+001	-1.840125e+000
8.203128e+001	-1.840500e+000
8.173831e+001	-1.840875e+000
8.144534e+001	-1.841250e+000
8.115236e+001	-1.840500e+000
8.085939e+001	-1.841625e+000
8.056642e+001	-1.840125e+000
8.027345e+001	-1.840500e+000
7.998048e+001	-1.840500e+000
7.968751e+001	-1.841625e+000
7.939454e+001	-1.842000e+000
7.910157e+001	-1.842000e+000
7.880860e+001	-1.841625e+000
7.851563e+001	-1.842000e+000
7.822266e+001	-1.842000e+000
7.792968e+001	-1.842000e+000
7.763671e+001	-1.842375e+000
7.734374e+001	-1.841250e+000
7.705077e+001	-1.842375e+000
7.675780e+001	-1.842375e+000
7.646483e+001	-1.842000e+000
7.617186e+001	-1.842375e+000
7.587889e+001	-1.841625e+000
7.558592e+001	-1.841625e+000
7.529295e+001	-1.842375e+000
7.499997e+001	-1.842000e+000
7.470700e+001	-1.841250e+000
7.441403e+001	-1.842375e+000
7.412106e+001	-1.842375e+000
7.382809e+001	-1.842375e+000
7.353512e+001	-1.841625e+000
7.324215e+001	-1.841625e+000
7.294918e+001	-1.840875e+000
7.265621e+001	-1.840875e+000
7.236324e+001	-1.841250e+000
7.207026e+001	-1.841250e+000
7.177729e+001	-1.841250e+000
7.148432e+001	-1.842000e+000
7.119135e+001	-1.840500e+000
7.089838e+001	-1.841250e+000
7.060541e+001	-1.841250e+000
7.031244e+001	-1.840875e+000
7.001947e+001	-1.840500e+000
6.972650e+001	-1.839750e+000
6.943353e+001	-1.840875e+000
6.914055e+001	-1.840125e+000
6.884758e+001	-1.838625e+000
6.855461e+001	-1.839375e+000
6.826164e+001	-1.839000e+000
6.796867e+001	-1.839375e+000
6.767570e+001	-1.839375e+000
6.738273e+001	-1.839000e+000
6.708976e+001	-1.839000e+000
6.679679e+001	-1.840125e+000
6.650382e+001	-1.839000e+000
6.621084e+001	-1.839000e+000
6.591787e+001	-1.839000e+000
6.562490e+001	-1.840875e+000
6.533193e+001	-1.839375e+000
6.503896e+001	-1.837500e+000
6.474599e+001	-1.837125e+000
6.445302e+001	-1.837875e+000
6.416005e+001	-1.837875e+000
6.386708e+001	-1.838250e+000
6.357411e+001	-1.837125e+000
6.328113e+001	-1.837125e+000
6.298816e+001	-1.836750e+000
6.269519e+001	-1.837125e+000
6.240222e+001	-1.838250e+000
6.210925e+001	-1.837500e+000
6.181628e+001	-1.837125e+000
6.152331e+001	-1.837875e+000
6.123034e+001	-1.837500e+000
6.093737e+001	-1.837875e+000
6.064440e+001	-1.837875e+000
6.035143e+001	-1.834125e+000
6.005845e+001	-1.834875e+000
5.976548e+001	-1.834500e+000
5.947252e+001	-1.833750e+000
5.917955e+001	-1.834125e+000
5.888658e+001	-1.833000e+000
5.859361e+001	-1.834125e+000
5.830065e+001	-1.834125e+000
5.800768e+001	-1.834125e+000
5.771471e+001	-1.834125e+000
5.742174e+001	-1.833375e+000
5.712878e+001	-1.834125e+000
5.683581e+001	-1.833375e+000
5.654284e+001	-1.833375e+000
5.624987e+001	-1.834500e+000
5.595691e+001	-1.833750e+000
5.566394e+001	-1.834125e+000
5.537097e+001	-1.833750e+000
5.507800e+001	-1.833375e+000
5.478504e+001	-1.834500e+000
5.449207e+001	-1.834125e+000
5.419910e+001	-1.834500e+000
5.390613e+001	-1.834500e+000
5.361317e+001	-1.833750e+000
5.332020e+001	-1.833750e+000
5.302723e+001	-1.834875e+000
5.273426e+001	-1.834875e+000
5.244130e+001	-1.833750e+000
5.214833e+001	-1.834125e+000
5.185536e+001	-1.834875e+000
5.156240e+001	-1.834125e+000
5.126943e+001	-1.834875e+000
5.097646e+001	-1.835250e+000
5.068349e+001	-1.835250e+000
5.039053e+001	-1.835625e+000
5.009756e+001	-1.835250e+000
4.980459e+001	-1.836000e+000
4.951162e+001	-1.835625e+000
4.921866e+001	-1.834500e+000
4.892569e+001	-1.835250e+000
4.863272e+001	-1.834875e+000
4.833975e+001	-1.835625e+000
4.804679e+001	-1.835625e+000
4.775382e+001	-1.835250e+000
4.746085e+001	-1.836375e+000
4.716788e+001	-1.834875e+000
4.687492e+001	-1.836000e+000
4.658195e+001	-1.835625e+000
4.628898e+001	-1.834500e+000
4.599601e+001	-1.835625e+000
4.570305e+001	-1.835250e+000
4.541008e+001	-1.835625e+000
4.511711e+001	-1.835250e+000
4.482414e+001	-1.836000e+000
4.453118e+001	-1.835625e+000
4.423821e+001	-1.834875e+000
4.394524e+001	-1.836000e+000
4.365227e+001	-1.835625e+000
4.335931e+001	-1.836375e+000
4.306634e+001	-1.836000e+000
4.277337e+001	-1.835625e+000
4.248040e+001	-1.836375e+000
4.218744e+001	-1.835625e+000
4.189447e+001	-1.836000e+000
4.160150e+001	-1.835625e+000
4.130854e+001	-1.836750e+000
4.101557e+001	-1.836000e+000
4.072260e+001	-1.837500e+000
4.042963e+001	-1.836375e+000
4.013667e+001	-1.836000e+000
3.984370e+001	-1.836375e+000
3.955073e+001	-1.836750e+000
3.925776e+001	-1.837125e+000
3.896480e+001	-1.836750e+000
3.867183e+001	-1.837125e+000
3.837886e+001	-1.837125e+000
3.808589e+001	-1.836375e+000
3.779293e+001	-1.836750e+000
3.749996e+001	-1.836375e+000
3.720699e+001	-1.837125e+000
3.691402e+001	-1.837125e+000
3.662106e+001	-1.836750e+000
3.632809e+001	-1.837125e+000
3.603512e+001	-1.837500e+000
3.574215e+001	-1.837500e+000
3.544919e+001	-1.837875e+000
3.515622e+001	-1.837125e+000
3.486325e+001	-1.837125e+000
3.457028e+001	-1.836750e+000
3.427732e+001	-1.836750e+000
3.398435e+001	-1.835625e+000
3.369138e+001	-1.837125e+000
3.339841e+001	-1.837125e+000
3.310545e+001	-1.837125e+000
3.281248e+001	-1.837125e+000
3.251951e+001	-1.836375e+000
3.222654e+001	-1.837125e+000
3.193358e+001	-1.837125e+000
3.164061e+001	-1.837125e+000
3.134764e+001	-1.837500e+000
3.105468e+001	-1.837500e+000
3.076171e+001	-1.837875e+000
3.046874e+001	-1.837500e+000
3.017577e+001	-1.838250e+000
2.988281e+001	-1.837875e+000
2.958984e+001	-1.837500e+000
2.929687e+001	-1.837125e+000
2.900390e+001	-1.838625e+000
2.871093e+001	-1.837875e+000
2.841796e+001	-1.838250e+000
2.812499e+001	-1.838625e+000
2.783202e+001	-1.837875e+000
2.753905e+001	-1.838250e+000
2.724608e+001	-1.838250e+000
2.695311e+001	-1.837875e+000
2.666014e+001	-1.837500e+000
2.636718e+001	-1.838250e+000
2.607421e+001	-1.838625e+000
2.578124e+001	-1.838625e+000
2.548827e+001	-1.838625e+000
2.519530e+001	-1.838250e+000
2.490233e+001	-1.838250e+000
2.460936e+001	-1.839000e+000
2.431639e+001	-1.838625e+000
2.402342e+001	-1.838625e+000
2.373045e+001	-1.836000e+000
2.343748e+001	-1.836000e+000
2.314451e+001	-1.836375e+000
2.285154e+001	-1.836000e+000
2.255858e+001	-1.836000e+000
2.226561e+001	-1.836375e+000
2.197264e+001	-1.835250e+000
2.167967e+001	-1.834875e+000
2.138670e+001	-1.836375e+000
2.109373e+001	-1.835625e+000
2.080076e+001	-1.836375e+000
2.050779e+001	-1.836000e+000
2.021482e+001	-1.836000e+000
1.992185e+001	-1.836750e+000
1.962888e+001	-1.836000e+000
1.933591e+001	-1.836750e+000
1.904294e+001	-1.836375e+000
1.874998e+001	-1.836750e+000
1.845701e+001	-1.835625e+000
1.816404e+001	-1.836375e+000
1.787107e+001	-1.836750e+000
1.757810e+001	-1.836750e+000
1.728513e+001	-1.837500e+000
1.699216e+001	-1.837500e+000
1.669919e+001	-1.837125e+000
1.640622e+001	-1.837500e+000
1.611325e+001	-1.838250e+000
1.582028e+001	-1.837875e+000
1.552731e+001	-1.838250e+000
1.523435e+001	-1.838625e+000
1.494138e+001	-1.839375e+000
1.464841e+001	-1.838625e+000
1.435544e+001	-1.838625e+000
1.406247e+001	-1.837500e+000
1.376950e+001	-1.839375e+000
1.347653e+001	-1.838625e+000
1.318357e+001	-1.838250e+000
1.289060e+001	-1.837500e+000
1.259763e+001	-1.837875e+000
1.230466e+001	-1.837875e+000
1.201169e+001	-1.838625e+000
1.171872e+001	-1.838250e+000
1.142576e+001	-1.839000e+000
1.113279e+001	-1.837125e+000
1.083982e+001	-1.838625e+000
1.054685e+001	-1.838625e+000
1.025388e+001	-1.839375e+000
9.960915e+000	-1.839750e+000
9.667946e+000	-1.839000e+000
9.374978e+000	-1.839000e+000
9.082010e+000	-1.839375e+000
8.789041e+000	-1.839000e+000
8.496073e+000	-1.839000e+000
8.203105e+000	-1.839000e+000
7.910137e+000	-1.838625e+000
7.617168e+000	-1.840125e+000
7.324199e+000	-1.839000e+000
7.031231e+000	-1.838625e+000
6.738262e+000	-1.838625e+000
6.445293e+000	-1.838625e+000
6.152324e+000	-1.838625e+000
5.859356e+000	-1.839000e+000
5.566387e+000	-1.839750e+000
5.273418e+000	-1.838625e+000
4.980449e+000	-1.839375e+000
4.687481e+000	-1.840125e+000
4.394512e+000	-1.839375e+000
4.101543e+000	-1.839000e+000
3.808574e+000	-1.839750e+000
3.515606e+000	-1.840500e+000
3.222637e+000	-1.840500e+000
2.929668e+000	-1.840500e+000
2.636699e+000	-1.840500e+000
2.343731e+000	-1.840125e+000
2.050762e+000	-1.840125e+000
1.757793e+000	-1.840875e+000
1.464824e+000	-1.840875e+000
1.171856e+000	-1.840125e+000
8.788867e-001	-1.840500e+000
5.859180e-001	-1.841250e+000
2.929492e-001	-1.840875e+000
-1.948441e-005	-1.840875e+000
-2.929882e-001	-1.841625e+000
-5.859569e-001	-1.842000e+000
-8.789257e-001	-1.842000e+000
-1.171894e+000	-1.841625e+000
-1.464863e+000	-1.841625e+000
