    nm         	 V
9.980532e+001	-1.362750e+000
9.970766e+001	-1.363875e+000
9.961001e+001	-1.366500e+000
9.951235e+001	-1.367250e+000
9.941469e+001	-1.370625e+000
9.931703e+001	-1.372125e+000
9.921938e+001	-1.372500e+000
9.912172e+001	-1.372875e+000
9.902406e+001	-1.374750e+000
9.892641e+001	-1.374000e+000
9.882875e+001	-1.377375e+000
9.873109e+001	-1.379625e+000
9.863344e+001	-1.380375e+000
9.853578e+001	-1.381125e+000
9.843812e+001	-1.383750e+000
9.834046e+001	-1.383750e+000
9.824281e+001	-1.385250e+000
9.814515e+001	-1.386750e+000
9.804749e+001	-1.388250e+000
9.794984e+001	-1.389750e+000
9.785218e+001	-1.391625e+000
9.775452e+001	-1.392750e+000
9.765687e+001	-1.393500e+000
9.755921e+001	-1.395000e+000
9.746155e+001	-1.397250e+000
9.736389e+001	-1.399500e+000
9.726624e+001	-1.399500e+000
9.716858e+001	-1.399875e+000
9.707092e+001	-1.403250e+000
9.697327e+001	-1.403625e+000
9.687561e+001	-1.404750e+000
9.677795e+001	-1.406625e+000
9.668030e+001	-1.409625e+000
9.658264e+001	-1.411125e+000
9.648498e+001	-1.412250e+000
9.638732e+001	-1.412250e+000
9.628967e+001	-1.412250e+000
9.619201e+001	-1.413375e+000
9.609435e+001	-1.416000e+000
9.599670e+001	-1.418250e+000
9.589904e+001	-1.420125e+000
9.580138e+001	-1.421625e+000
9.570373e+001	-1.422375e+000
9.560607e+001	-1.422750e+000
9.550841e+001	-1.425000e+000
9.541075e+001	-1.426125e+000
9.531310e+001	-1.426500e+000
9.521544e+001	-1.429125e+000
9.511778e+001	-1.429500e+000
9.502013e+001	-1.432500e+000
9.492247e+001	-1.435500e+000
9.482481e+001	-1.435500e+000
9.472716e+001	-1.435500e+000
9.462950e+001	-1.436250e+000
9.453184e+001	-1.438125e+000
9.443418e+001	-1.439625e+000
9.433653e+001	-1.443750e+000
9.423887e+001	-1.444875e+000
9.414121e+001	-1.444125e+000
9.404356e+001	-1.445250e+000
9.394590e+001	-1.448625e+000
9.384824e+001	-1.448250e+000
9.375059e+001	-1.452000e+000
9.365293e+001	-1.453125e+000
9.355527e+001	-1.452375e+000
9.345761e+001	-1.453875e+000
9.335996e+001	-1.456125e+000
9.326230e+001	-1.459125e+000
9.316464e+001	-1.459875e+000
9.306699e+001	-1.459500e+000
9.296933e+001	-1.462125e+000
9.287167e+001	-1.462125e+000
9.277402e+001	-1.464375e+000
9.267636e+001	-1.465875e+000
9.257870e+001	-1.468125e+000
9.248105e+001	-1.468500e+000
9.238339e+001	-1.468875e+000
9.228573e+001	-1.472250e+000
9.218807e+001	-1.473750e+000
9.209042e+001	-1.473750e+000
9.199276e+001	-1.475250e+000
9.189510e+001	-1.479000e+000
9.179745e+001	-1.478250e+000
9.169979e+001	-1.479750e+000
9.160213e+001	-1.484250e+000
9.150448e+001	-1.484625e+000
9.140682e+001	-1.483125e+000
9.130916e+001	-1.485375e+000
9.121150e+001	-1.488375e+000
9.111385e+001	-1.489125e+000
9.101619e+001	-1.492125e+000
9.091853e+001	-1.491000e+000
9.082088e+001	-1.494750e+000
9.072322e+001	-1.495500e+000
9.062556e+001	-1.496625e+000
9.052791e+001	-1.498875e+000
9.043025e+001	-1.498500e+000
9.033259e+001	-1.500375e+000
9.023493e+001	-1.500375e+000
9.013728e+001	-1.505625e+000
9.003962e+001	-1.506750e+000
8.994196e+001	-1.505625e+000
8.984431e+001	-1.508250e+000
8.974665e+001	-1.510500e+000
8.964899e+001	-1.510875e+000
8.955134e+001	-1.512375e+000
8.945368e+001	-1.514250e+000
8.935602e+001	-1.515000e+000
8.925836e+001	-1.516125e+000
8.916071e+001	-1.517250e+000
8.906305e+001	-1.522125e+000
8.896539e+001	-1.522875e+000
8.886774e+001	-1.522125e+000
8.877008e+001	-1.523625e+000
8.867242e+001	-1.524375e+000
8.857477e+001	-1.527750e+000
8.847711e+001	-1.529625e+000
8.837945e+001	-1.529625e+000
8.828179e+001	-1.531875e+000
8.818414e+001	-1.532250e+000
8.808648e+001	-1.533375e+000
8.798882e+001	-1.536750e+000
8.789117e+001	-1.537875e+000
8.779351e+001	-1.538625e+000
8.769585e+001	-1.539000e+000
8.759820e+001	-1.543125e+000
8.750054e+001	-1.542750e+000
8.740288e+001	-1.544250e+000
8.730522e+001	-1.547250e+000
8.720757e+001	-1.547625e+000
8.710991e+001	-1.549875e+000
8.701225e+001	-1.550625e+000
8.691460e+001	-1.552500e+000
8.681694e+001	-1.553250e+000
8.671928e+001	-1.554000e+000
8.662163e+001	-1.555875e+000
8.652397e+001	-1.557750e+000
8.642631e+001	-1.560750e+000
8.632865e+001	-1.559625e+000
8.623100e+001	-1.561500e+000
8.613334e+001	-1.562250e+000
8.603568e+001	-1.564500e+000
8.593803e+001	-1.567500e+000
8.584037e+001	-1.569000e+000
8.574271e+001	-1.567500e+000
8.564506e+001	-1.568625e+000
8.554740e+001	-1.571250e+000
8.544974e+001	-1.573500e+000
8.535208e+001	-1.575750e+000
8.525443e+001	-1.577250e+000
8.515677e+001	-1.577250e+000
8.505911e+001	-1.578375e+000
8.496146e+001	-1.580625e+000
8.486380e+001	-1.583250e+000
8.476614e+001	-1.583250e+000
8.466849e+001	-1.585125e+000
8.457083e+001	-1.585875e+000
8.447317e+001	-1.586250e+000
8.437551e+001	-1.588875e+000
8.427786e+001	-1.590750e+000
8.418020e+001	-1.593000e+000
8.408254e+001	-1.593750e+000
8.398489e+001	-1.594125e+000
8.388723e+001	-1.595250e+000
8.378957e+001	-1.597125e+000
8.369192e+001	-1.599000e+000
8.359426e+001	-1.599375e+000
8.349660e+001	-1.601250e+000
8.339894e+001	-1.603875e+000
8.330129e+001	-1.604250e+000
8.320363e+001	-1.607250e+000
8.310597e+001	-1.608750e+000
8.300832e+001	-1.606875e+000
8.291066e+001	-1.609875e+000
8.281300e+001	-1.612500e+000
8.271535e+001	-1.612500e+000
8.261769e+001	-1.614750e+000
8.252003e+001	-1.617375e+000
8.242237e+001	-1.617375e+000
8.232472e+001	-1.618875e+000
8.222706e+001	-1.622250e+000
8.212940e+001	-1.623000e+000
8.203175e+001	-1.622625e+000
8.193409e+001	-1.626000e+000
8.183643e+001	-1.626375e+000
8.173878e+001	-1.627500e+000
8.164112e+001	-1.629750e+000
8.154346e+001	-1.632750e+000
8.144580e+001	-1.632750e+000
8.134815e+001	-1.634625e+000
8.125049e+001	-1.635375e+000
8.115283e+001	-1.638000e+000
8.105518e+001	-1.637625e+000
8.095752e+001	-1.638375e+000
8.085986e+001	-1.640250e+000
8.076221e+001	-1.643625e+000
8.066455e+001	-1.644375e+000
8.056689e+001	-1.645500e+000
8.046923e+001	-1.647750e+000
8.037158e+001	-1.648125e+000
8.027392e+001	-1.648125e+000
8.017626e+001	-1.653000e+000
8.007861e+001	-1.652625e+000
7.998095e+001	-1.654500e+000
7.988329e+001	-1.654875e+000
7.978564e+001	-1.657125e+000
7.968798e+001	-1.658250e+000
7.959032e+001	-1.661250e+000
7.949266e+001	-1.661625e+000
7.939501e+001	-1.662000e+000
7.929735e+001	-1.664625e+000
7.919969e+001	-1.665000e+000
7.910204e+001	-1.665750e+000
7.900438e+001	-1.671000e+000
7.890672e+001	-1.669875e+000
7.880907e+001	-1.669500e+000
7.871141e+001	-1.672875e+000
7.861375e+001	-1.675875e+000
7.851609e+001	-1.675500e+000
7.841844e+001	-1.678875e+000
7.832078e+001	-1.679250e+000
7.822312e+001	-1.678875e+000
7.812547e+001	-1.680375e+000
7.802781e+001	-1.684125e+000
7.793015e+001	-1.685250e+000
7.783250e+001	-1.687500e+000
7.773484e+001	-1.687500e+000
7.763718e+001	-1.687875e+000
7.753953e+001	-1.689750e+000
7.744187e+001	-1.693500e+000
7.734421e+001	-1.693500e+000
7.724655e+001	-1.696125e+000
7.714890e+001	-1.696500e+000
7.705124e+001	-1.696125e+000
7.695358e+001	-1.698750e+000
7.685593e+001	-1.701750e+000
7.675827e+001	-1.703250e+000
7.666061e+001	-1.704000e+000
7.656296e+001	-1.706250e+000
7.646530e+001	-1.706625e+000
7.636764e+001	-1.708125e+000
7.626998e+001	-1.710375e+000
7.617233e+001	-1.711500e+000
7.607467e+001	-1.712250e+000
7.597701e+001	-1.714125e+000
7.587936e+001	-1.715625e+000
7.578170e+001	-1.717500e+000
7.568404e+001	-1.718250e+000
7.558639e+001	-1.719750e+000
7.548873e+001	-1.720500e+000
7.539107e+001	-1.723500e+000
7.529341e+001	-1.723500e+000
7.519576e+001	-1.726500e+000
7.509810e+001	-1.726500e+000
7.500044e+001	-1.729125e+000
7.490279e+001	-1.729500e+000
7.480513e+001	-1.731375e+000
7.470747e+001	-1.733250e+000
7.460982e+001	-1.734000e+000
7.451216e+001	-1.735500e+000
7.441450e+001	-1.737375e+000
7.431684e+001	-1.739250e+000
7.421919e+001	-1.740375e+000
7.412153e+001	-1.741125e+000
7.402387e+001	-1.742625e+000
7.392622e+001	-1.745625e+000
7.382856e+001	-1.747125e+000
7.373090e+001	-1.748625e+000
7.363325e+001	-1.749375e+000
7.353559e+001	-1.751250e+000
7.343793e+001	-1.753500e+000
7.334027e+001	-1.753875e+000
7.324262e+001	-1.756125e+000
7.314496e+001	-1.756875e+000
7.304730e+001	-1.757625e+000
7.294965e+001	-1.759125e+000
7.285199e+001	-1.761750e+000
7.275433e+001	-1.765125e+000
7.265668e+001	-1.764375e+000
7.255902e+001	-1.764750e+000
7.246136e+001	-1.767375e+000
7.236370e+001	-1.767750e+000
7.226605e+001	-1.770750e+000
7.216839e+001	-1.772625e+000
7.207073e+001	-1.773375e+000
7.197308e+001	-1.773000e+000
7.187542e+001	-1.774500e+000
7.177776e+001	-1.777125e+000
7.168011e+001	-1.779750e+000
7.158245e+001	-1.783125e+000
7.148479e+001	-1.781250e+000
7.138713e+001	-1.782750e+000
7.128948e+001	-1.783875e+000
7.119182e+001	-1.785750e+000
7.109416e+001	-1.787625e+000
7.099651e+001	-1.791000e+000
7.089885e+001	-1.791750e+000
7.080119e+001	-1.791375e+000
7.070354e+001	-1.793625e+000
7.060588e+001	-1.797000e+000
7.050822e+001	-1.796625e+000
7.041056e+001	-1.797750e+000
7.031291e+001	-1.800000e+000
7.021525e+001	-1.801500e+000
7.011759e+001	-1.801500e+000
7.001994e+001	-1.804500e+000
6.992228e+001	-1.806750e+000
6.982462e+001	-1.808625e+000
6.972697e+001	-1.808625e+000
6.962931e+001	-1.809750e+000
6.953165e+001	-1.812375e+000
6.943399e+001	-1.812750e+000
6.933634e+001	-1.815000e+000
6.923868e+001	-1.818000e+000
6.914102e+001	-1.818750e+000
6.904337e+001	-1.819500e+000
6.894571e+001	-1.818750e+000
6.884805e+001	-1.822500e+000
6.875040e+001	-1.824375e+000
6.865274e+001	-1.826625e+000
6.855508e+001	-1.828500e+000
6.845742e+001	-1.828875e+000
6.835977e+001	-1.828875e+000
6.826211e+001	-1.829250e+000
6.816445e+001	-1.833750e+000
6.806680e+001	-1.836000e+000
6.796914e+001	-1.836375e+000
6.787148e+001	-1.838625e+000
6.777383e+001	-1.837875e+000
6.767617e+001	-1.839375e+000
6.757851e+001	-1.841250e+000
6.748085e+001	-1.843500e+000
6.738320e+001	-1.845000e+000
6.728554e+001	-1.845000e+000
6.718788e+001	-1.846875e+000
6.709023e+001	-1.848750e+000
6.699257e+001	-1.850625e+000
6.689491e+001	-1.851750e+000
6.679726e+001	-1.853250e+000
6.669960e+001	-1.854000e+000
6.660194e+001	-1.855875e+000
6.650428e+001	-1.857750e+000
6.640663e+001	-1.860375e+000
6.630897e+001	-1.860000e+000
6.621131e+001	-1.859625e+000
6.611366e+001	-1.862625e+000
6.601600e+001	-1.866000e+000
6.591834e+001	-1.869375e+000
6.582069e+001	-1.869375e+000
6.572303e+001	-1.868625e+000
6.562537e+001	-1.869375e+000
6.552771e+001	-1.870875e+000
6.543006e+001	-1.873125e+000
6.533240e+001	-1.876875e+000
6.523474e+001	-1.877625e+000
6.513709e+001	-1.877625e+000
6.503943e+001	-1.878375e+000
6.494177e+001	-1.881000e+000
6.484412e+001	-1.882125e+000
6.474646e+001	-1.884750e+000
6.464880e+001	-1.885500e+000
6.455114e+001	-1.885125e+000
6.445349e+001	-1.886625e+000
6.435583e+001	-1.888500e+000
6.425817e+001	-1.893375e+000
6.416052e+001	-1.893000e+000
6.406286e+001	-1.893750e+000
6.396520e+001	-1.893750e+000
6.386755e+001	-1.894875e+000
6.376989e+001	-1.898625e+000
6.367223e+001	-1.900500e+000
6.357457e+001	-1.901250e+000
6.347692e+001	-1.900875e+000
6.337926e+001	-1.902750e+000
6.328160e+001	-1.904250e+000
6.318395e+001	-1.907250e+000
6.308629e+001	-1.909500e+000
6.298863e+001	-1.908750e+000
6.289098e+001	-1.910625e+000
6.279332e+001	-1.911750e+000
6.269566e+001	-1.913250e+000
6.259801e+001	-1.914750e+000
6.250035e+001	-1.917000e+000
6.240269e+001	-1.919625e+000
6.230503e+001	-1.920375e+000
6.220738e+001	-1.922250e+000
6.210972e+001	-1.922250e+000
6.201206e+001	-1.924125e+000
6.191441e+001	-1.926000e+000
6.181675e+001	-1.927500e+000
6.171909e+001	-1.928625e+000
6.162144e+001	-1.930875e+000
6.152378e+001	-1.931250e+000
6.142612e+001	-1.932375e+000
6.132846e+001	-1.935750e+000
6.123081e+001	-1.936125e+000
6.113315e+001	-1.937250e+000
6.103549e+001	-1.939125e+000
6.093784e+001	-1.941000e+000
6.084018e+001	-1.942125e+000
6.074252e+001	-1.943625e+000
6.064487e+001	-1.945500e+000
6.054721e+001	-1.944750e+000
6.044955e+001	-1.946250e+000
6.035189e+001	-1.948500e+000
6.025424e+001	-1.952250e+000
6.015658e+001	-1.954875e+000
6.005892e+001	-1.955250e+000
5.996127e+001	-1.953750e+000
5.986361e+001	-1.953375e+000
5.976595e+001	-1.956375e+000
5.966830e+001	-1.960875e+000
5.957064e+001	-1.963500e+000
5.947298e+001	-1.964625e+000
5.937532e+001	-1.962375e+000
5.927767e+001	-1.962375e+000
5.918001e+001	-1.965375e+000
5.908235e+001	-1.968375e+000
5.898470e+001	-1.971750e+000
5.888704e+001	-1.972875e+000
5.878938e+001	-1.972500e+000
5.869173e+001	-1.971750e+000
5.859407e+001	-1.974000e+000
5.849641e+001	-1.977000e+000
5.839875e+001	-1.980375e+000
5.830110e+001	-1.980750e+000
5.820344e+001	-1.982250e+000
5.810578e+001	-1.981125e+000
5.800813e+001	-1.982625e+000
5.791047e+001	-1.985625e+000
5.781281e+001	-1.987875e+000
5.771516e+001	-1.989750e+000
5.761750e+001	-1.989750e+000
5.751984e+001	-1.990875e+000
5.742218e+001	-1.991250e+000
5.732453e+001	-1.993500e+000
5.722687e+001	-1.996875e+000
5.712921e+001	-1.996875e+000
5.703156e+001	-1.998375e+000
5.693390e+001	-1.999125e+000
5.683624e+001	-2.001375e+000
5.673859e+001	-2.003250e+000
5.664093e+001	-2.004750e+000
5.654327e+001	-2.005875e+000
5.644561e+001	-2.006250e+000
5.634796e+001	-2.007375e+000
5.625030e+001	-2.010000e+000
5.615264e+001	-2.011875e+000
5.605499e+001	-2.014500e+000
5.595733e+001	-2.015250e+000
5.585967e+001	-2.014500e+000
5.576202e+001	-2.016000e+000
5.566436e+001	-2.017875e+000
5.556670e+001	-2.020875e+000
5.546904e+001	-2.022375e+000
5.537139e+001	-2.023500e+000
5.527373e+001	-2.023875e+000
5.517607e+001	-2.024250e+000
5.507842e+001	-2.026875e+000
5.498076e+001	-2.028375e+000
5.488310e+001	-2.028750e+000
5.478545e+001	-2.031000e+000
5.468779e+001	-2.031750e+000
5.459013e+001	-2.032875e+000
5.449247e+001	-2.034750e+000
5.439482e+001	-2.036625e+000
5.429716e+001	-2.036625e+000
5.419950e+001	-2.037375e+000
5.410185e+001	-2.039625e+000
5.400419e+001	-2.041125e+000
5.390653e+001	-2.042250e+000
5.380888e+001	-2.044125e+000
5.371122e+001	-2.044875e+000
5.361356e+001	-2.044875e+000
5.351590e+001	-2.045250e+000
5.341825e+001	-2.049000e+000
5.332059e+001	-2.050875e+000
5.322293e+001	-2.050875e+000
5.312528e+001	-2.049750e+000
5.302762e+001	-2.050500e+000
5.292996e+001	-2.052375e+000
5.283231e+001	-2.054625e+000
5.273465e+001	-2.055750e+000
5.263699e+001	-2.056500e+000
5.253933e+001	-2.056875e+000
5.244168e+001	-2.056500e+000
5.234402e+001	-2.057625e+000
5.224636e+001	-2.060250e+000
5.214871e+001	-2.061750e+000
5.205105e+001	-2.062125e+000
5.195339e+001	-2.062875e+000
5.185574e+001	-2.062500e+000
5.175808e+001	-2.063250e+000
5.166042e+001	-2.064000e+000
5.156276e+001	-2.065875e+000
5.146511e+001	-2.066625e+000
5.136745e+001	-2.065875e+000
5.126979e+001	-2.066625e+000
5.117214e+001	-2.068500e+000
5.107448e+001	-2.068500e+000
5.097682e+001	-2.068125e+000
5.087917e+001	-2.068500e+000
5.078151e+001	-2.068875e+000
5.068385e+001	-2.069250e+000
5.058619e+001	-2.069250e+000
5.048854e+001	-2.068875e+000
5.039088e+001	-2.068500e+000
5.029322e+001	-2.067375e+000
5.019557e+001	-2.066250e+000
5.009791e+001	-2.064750e+000
5.000025e+001	-2.065125e+000
4.990260e+001	-2.065500e+000
4.980494e+001	-2.064375e+000
4.970728e+001	-2.061375e+000
4.960962e+001	-2.058750e+000
4.951197e+001	-2.057250e+000
4.941431e+001	-2.053500e+000
4.931665e+001	-2.050125e+000
4.921900e+001	-2.046750e+000
4.912134e+001	-2.043750e+000
4.902368e+001	-2.038500e+000
4.892603e+001	-2.034375e+000
4.882837e+001	-2.031000e+000
4.873071e+001	-2.028375e+000
4.863305e+001	-2.023500e+000
4.853540e+001	-2.019000e+000
4.843774e+001	-2.013375e+000
4.834008e+001	-2.007750e+000
4.824243e+001	-2.003250e+000
4.814477e+001	-1.998750e+000
4.804711e+001	-1.991250e+000
4.794946e+001	-1.986375e+000
4.785180e+001	-1.980750e+000
4.775414e+001	-1.975500e+000
4.765648e+001	-1.971750e+000
4.755883e+001	-1.969875e+000
4.746117e+001	-1.969500e+000
4.736351e+001	-1.968000e+000
4.726586e+001	-1.966500e+000
4.716820e+001	-1.965000e+000
4.707054e+001	-1.965375e+000
4.697289e+001	-1.963875e+000
4.687523e+001	-1.962375e+000
4.677757e+001	-1.959750e+000
4.667992e+001	-1.957125e+000
4.658226e+001	-1.956000e+000
4.648460e+001	-1.954875e+000
4.638694e+001	-1.954500e+000
4.628929e+001	-1.954125e+000
4.619163e+001	-1.952625e+000
4.609397e+001	-1.951500e+000
4.599632e+001	-1.948875e+000
4.589866e+001	-1.947000e+000
4.580100e+001	-1.946625e+000
4.570335e+001	-1.945500e+000
4.560569e+001	-1.945500e+000
4.550803e+001	-1.945125e+000
4.541037e+001	-1.944375e+000
4.531272e+001	-1.944375e+000
4.521506e+001	-1.944375e+000
4.511740e+001	-1.943625e+000
4.501975e+001	-1.943625e+000
4.492209e+001	-1.942875e+000
4.482443e+001	-1.942125e+000
4.472678e+001	-1.941750e+000
4.462912e+001	-1.941750e+000
4.453146e+001	-1.939875e+000
4.443380e+001	-1.937625e+000
4.433615e+001	-1.936875e+000
4.423849e+001	-1.936125e+000
4.414083e+001	-1.935750e+000
4.404318e+001	-1.935375e+000
4.394552e+001	-1.933500e+000
4.384786e+001	-1.932375e+000
4.375021e+001	-1.931625e+000
4.365255e+001	-1.931250e+000
4.355489e+001	-1.931250e+000
4.345723e+001	-1.932000e+000
4.335958e+001	-1.930875e+000
4.326192e+001	-1.930875e+000
4.316426e+001	-1.930125e+000
4.306661e+001	-1.930125e+000
4.296895e+001	-1.929750e+000
4.287129e+001	-1.930125e+000
4.277364e+001	-1.929750e+000
4.267598e+001	-1.928625e+000
4.257832e+001	-1.928250e+000
4.248066e+001	-1.928250e+000
4.238301e+001	-1.928250e+000
4.228535e+001	-1.927500e+000
4.218769e+001	-1.927125e+000
4.209004e+001	-1.926375e+000
4.199238e+001	-1.926000e+000
4.189472e+001	-1.926750e+000
4.179707e+001	-1.926000e+000
4.169941e+001	-1.926000e+000
4.160175e+001	-1.925625e+000
4.150409e+001	-1.925250e+000
4.140644e+001	-1.924875e+000
4.130878e+001	-1.925250e+000
4.121112e+001	-1.925250e+000
4.111347e+001	-1.925250e+000
4.101581e+001	-1.924875e+000
4.091815e+001	-1.924125e+000
4.082050e+001	-1.924500e+000
4.072284e+001	-1.924500e+000
4.062518e+001	-1.924500e+000
4.052752e+001	-1.923750e+000
4.042987e+001	-1.923750e+000
4.033221e+001	-1.923375e+000
4.023455e+001	-1.923375e+000
4.013690e+001	-1.923000e+000
4.003924e+001	-1.923375e+000
3.994158e+001	-1.922625e+000
3.984393e+001	-1.922625e+000
3.974627e+001	-1.921875e+000
3.964861e+001	-1.922250e+000
3.955095e+001	-1.921875e+000
3.945330e+001	-1.921500e+000
3.935564e+001	-1.921875e+000
3.925798e+001	-1.921875e+000
3.916033e+001	-1.921125e+000
3.906267e+001	-1.920375e+000
3.896501e+001	-1.920750e+000
3.886736e+001	-1.920375e+000
3.876970e+001	-1.920000e+000
3.867204e+001	-1.920375e+000
3.857438e+001	-1.919625e+000
3.847673e+001	-1.919250e+000
3.837907e+001	-1.918500e+000
3.828141e+001	-1.918125e+000
3.818376e+001	-1.917750e+000
3.808610e+001	-1.917750e+000
3.798844e+001	-1.917375e+000
3.789079e+001	-1.917375e+000
3.779313e+001	-1.917375e+000
3.769547e+001	-1.917000e+000
3.759781e+001	-1.916625e+000
3.750016e+001	-1.917000e+000
3.740250e+001	-1.917000e+000
3.730484e+001	-1.916625e+000
3.720719e+001	-1.917000e+000
3.710953e+001	-1.916625e+000
3.701187e+001	-1.916250e+000
3.691422e+001	-1.916250e+000
3.681656e+001	-1.916250e+000
3.671890e+001	-1.916625e+000
3.662124e+001	-1.915875e+000
3.652359e+001	-1.915875e+000
3.642593e+001	-1.915875e+000
3.632827e+001	-1.915500e+000
3.623062e+001	-1.915500e+000
3.613296e+001	-1.915500e+000
3.603530e+001	-1.915500e+000
3.593765e+001	-1.914750e+000
3.583999e+001	-1.914750e+000
3.574233e+001	-1.915125e+000
3.564467e+001	-1.914750e+000
3.554702e+001	-1.914750e+000
3.544936e+001	-1.914375e+000
3.535170e+001	-1.914750e+000
3.525405e+001	-1.913625e+000
3.515639e+001	-1.913625e+000
3.505873e+001	-1.914000e+000
3.496108e+001	-1.914000e+000
3.486342e+001	-1.913250e+000
3.476576e+001	-1.913625e+000
3.466810e+001	-1.913250e+000
3.457045e+001	-1.912875e+000
3.447279e+001	-1.913250e+000
3.437513e+001	-1.912500e+000
3.427748e+001	-1.913250e+000
3.417982e+001	-1.912875e+000
3.408216e+001	-1.912875e+000
3.398451e+001	-1.912875e+000
3.388685e+001	-1.912875e+000
3.378919e+001	-1.912875e+000
3.369153e+001	-1.912500e+000
3.359388e+001	-1.912500e+000
3.349622e+001	-1.912125e+000
3.339856e+001	-1.912125e+000
3.330091e+001	-1.912125e+000
3.320325e+001	-1.911750e+000
3.310559e+001	-1.911750e+000
3.300794e+001	-1.911750e+000
3.291028e+001	-1.911750e+000
3.281262e+001	-1.911375e+000
3.271496e+001	-1.911375e+000
3.261731e+001	-1.911000e+000
3.251965e+001	-1.911375e+000
3.242199e+001	-1.911000e+000
3.232434e+001	-1.911000e+000
3.222668e+001	-1.911000e+000
3.212902e+001	-1.910625e+000
3.203137e+001	-1.911000e+000
3.193371e+001	-1.910250e+000
3.183605e+001	-1.910250e+000
3.173840e+001	-1.910250e+000
3.164074e+001	-1.910250e+000
3.154308e+001	-1.909875e+000
3.144542e+001	-1.909500e+000
3.134777e+001	-1.909875e+000
3.125011e+001	-1.909500e+000
3.115245e+001	-1.909875e+000
3.105480e+001	-1.909500e+000
3.095714e+001	-1.908375e+000
3.085948e+001	-1.909125e+000
3.076183e+001	-1.908750e+000
3.066417e+001	-1.909125e+000
3.056651e+001	-1.908375e+000
3.046885e+001	-1.908375e+000
3.037120e+001	-1.908000e+000
3.027354e+001	-1.908000e+000
3.017588e+001	-1.908000e+000
3.007823e+001	-1.908375e+000
2.998057e+001	-1.908375e+000
2.988291e+001	-1.908000e+000
2.978526e+001	-1.907250e+000
2.968760e+001	-1.907625e+000
2.958994e+001	-1.907250e+000
2.949228e+001	-1.906875e+000
2.939463e+001	-1.906875e+000
2.929697e+001	-1.906875e+000
2.919931e+001	-1.906875e+000
2.910166e+001	-1.906500e+000
2.900400e+001	-1.906125e+000
2.890634e+001	-1.906125e+000
2.880869e+001	-1.905750e+000
2.871103e+001	-1.905375e+000
2.861337e+001	-1.905375e+000
2.851571e+001	-1.905375e+000
2.841806e+001	-1.905375e+000
2.832040e+001	-1.905000e+000
2.822274e+001	-1.904625e+000
2.812509e+001	-1.904250e+000
2.802743e+001	-1.904250e+000
2.792977e+001	-1.903875e+000
2.783212e+001	-1.903875e+000
2.773446e+001	-1.903125e+000
2.763680e+001	-1.900875e+000
2.753914e+001	-1.899000e+000
2.744149e+001	-1.899000e+000
2.734383e+001	-1.899000e+000
2.724617e+001	-1.898625e+000
2.714852e+001	-1.899000e+000
2.705086e+001	-1.899000e+000
2.695320e+001	-1.898250e+000
2.685555e+001	-1.898625e+000
2.675789e+001	-1.898250e+000
2.666023e+001	-1.898250e+000
2.656257e+001	-1.897875e+000
2.646492e+001	-1.897875e+000
2.636726e+001	-1.897500e+000
2.626960e+001	-1.896750e+000
2.617195e+001	-1.897125e+000
2.607429e+001	-1.897500e+000
2.597663e+001	-1.896750e+000
2.587898e+001	-1.897500e+000
2.578132e+001	-1.896750e+000
2.568366e+001	-1.896375e+000
2.558600e+001	-1.896750e+000
2.548835e+001	-1.896750e+000
2.539069e+001	-1.896375e+000
2.529303e+001	-1.896375e+000
2.519538e+001	-1.896000e+000
2.509772e+001	-1.896000e+000
2.500006e+001	-1.896000e+000
2.490241e+001	-1.895625e+000
2.480475e+001	-1.895250e+000
2.470709e+001	-1.896000e+000
2.460943e+001	-1.895250e+000
2.451178e+001	-1.895625e+000
2.441412e+001	-1.895250e+000
2.431646e+001	-1.895250e+000
2.421881e+001	-1.894875e+000
2.412115e+001	-1.894875e+000
2.402349e+001	-1.894125e+000
2.392584e+001	-1.894500e+000
2.382818e+001	-1.894500e+000
2.373052e+001	-1.894500e+000
2.363286e+001	-1.894125e+000
2.353521e+001	-1.894500e+000
2.343755e+001	-1.894125e+000
2.333989e+001	-1.893750e+000
2.324224e+001	-1.893750e+000
2.314458e+001	-1.893375e+000
2.304692e+001	-1.893375e+000
2.294927e+001	-1.893375e+000
2.285161e+001	-1.893000e+000
2.275395e+001	-1.893375e+000
2.265629e+001	-1.893000e+000
2.255864e+001	-1.893000e+000
2.246098e+001	-1.892250e+000
2.236332e+001	-1.892250e+000
2.226567e+001	-1.892625e+000
2.216801e+001	-1.892625e+000
2.207035e+001	-1.892250e+000
2.197270e+001	-1.891500e+000
2.187504e+001	-1.891500e+000
2.177738e+001	-1.891500e+000
2.167972e+001	-1.890750e+000
2.158207e+001	-1.891125e+000
2.148441e+001	-1.890750e+000
2.138675e+001	-1.890750e+000
2.128910e+001	-1.890000e+000
2.119144e+001	-1.890375e+000
2.109378e+001	-1.890375e+000
2.099613e+001	-1.890375e+000
2.089847e+001	-1.890375e+000
2.080081e+001	-1.889625e+000
2.070315e+001	-1.889625e+000
2.060550e+001	-1.890000e+000
2.050784e+001	-1.890000e+000
2.041018e+001	-1.889625e+000
2.031253e+001	-1.889250e+000
2.021487e+001	-1.889625e+000
2.011721e+001	-1.890000e+000
2.001956e+001	-1.890000e+000
1.992190e+001	-1.889625e+000
1.982424e+001	-1.889250e+000
1.972658e+001	-1.889625e+000
1.962893e+001	-1.889625e+000
1.953127e+001	-1.888875e+000
1.943361e+001	-1.888875e+000
1.933596e+001	-1.888875e+000
1.923830e+001	-1.888875e+000
1.914064e+001	-1.888875e+000
1.904299e+001	-1.888500e+000
1.894533e+001	-1.888125e+000
1.884767e+001	-1.887750e+000
1.875001e+001	-1.887375e+000
1.865236e+001	-1.887375e+000
1.855470e+001	-1.887000e+000
1.845704e+001	-1.887000e+000
1.835939e+001	-1.887375e+000
1.826173e+001	-1.887000e+000
1.816407e+001	-1.886625e+000
1.806642e+001	-1.887000e+000
1.796876e+001	-1.887000e+000
1.787110e+001	-1.886625e+000
1.777344e+001	-1.886250e+000
1.767579e+001	-1.886625e+000
1.757813e+001	-1.886625e+000
1.748047e+001	-1.886250e+000
1.738282e+001	-1.886625e+000
1.728516e+001	-1.886250e+000
1.718750e+001	-1.885875e+000
1.708985e+001	-1.885875e+000
1.699219e+001	-1.885875e+000
1.689453e+001	-1.885500e+000
1.679688e+001	-1.885875e+000
1.669922e+001	-1.885875e+000
1.660156e+001	-1.885500e+000
1.650390e+001	-1.885125e+000
1.640625e+001	-1.885125e+000
1.630859e+001	-1.885500e+000
1.621093e+001	-1.885500e+000
1.611328e+001	-1.885125e+000
1.601562e+001	-1.885125e+000
1.591796e+001	-1.885125e+000
1.582031e+001	-1.885125e+000
1.572265e+001	-1.885125e+000
1.562499e+001	-1.884750e+000
1.552733e+001	-1.884750e+000
1.542968e+001	-1.884375e+000
1.533202e+001	-1.884750e+000
1.523436e+001	-1.884750e+000
1.513671e+001	-1.884750e+000
1.503905e+001	-1.884375e+000
1.494139e+001	-1.884375e+000
1.484374e+001	-1.884375e+000
1.474608e+001	-1.884000e+000
1.464842e+001	-1.884000e+000
1.455077e+001	-1.884000e+000
1.445311e+001	-1.883625e+000
1.435546e+001	-1.882875e+000
1.425780e+001	-1.883625e+000
1.416014e+001	-1.883250e+000
1.406249e+001	-1.882875e+000
1.396483e+001	-1.882875e+000
1.386717e+001	-1.882875e+000
1.376952e+001	-1.882500e+000
1.367186e+001	-1.882500e+000
1.357421e+001	-1.882125e+000
1.347655e+001	-1.882875e+000
1.337889e+001	-1.882125e+000
1.328124e+001	-1.881750e+000
1.318358e+001	-1.882125e+000
1.308593e+001	-1.881750e+000
1.298827e+001	-1.881750e+000
1.289061e+001	-1.881375e+000
1.279296e+001	-1.881375e+000
1.269530e+001	-1.881750e+000
1.259765e+001	-1.881375e+000
1.249999e+001	-1.881375e+000
1.240233e+001	-1.881000e+000
1.230468e+001	-1.881375e+000
1.220702e+001	-1.881000e+000
1.210937e+001	-1.880625e+000
1.201171e+001	-1.881375e+000
1.191405e+001	-1.880625e+000
1.181640e+001	-1.880625e+000
1.171874e+001	-1.880625e+000
1.162108e+001	-1.880250e+000
1.152343e+001	-1.880625e+000
1.142577e+001	-1.881000e+000
1.132812e+001	-1.880250e+000
1.123046e+001	-1.880250e+000
1.113280e+001	-1.879875e+000
1.103515e+001	-1.879500e+000
1.093749e+001	-1.880250e+000
1.083984e+001	-1.879500e+000
1.074218e+001	-1.879875e+000
1.064452e+001	-1.879875e+000
1.054687e+001	-1.879500e+000
1.044921e+001	-1.879500e+000
1.035156e+001	-1.879125e+000
1.025390e+001	-1.878750e+000
1.015624e+001	-1.879125e+000
1.005859e+001	-1.878750e+000
9.960931e+000	-1.878750e+000
9.863275e+000	-1.878375e+000
9.765619e+000	-1.878375e+000
9.667962e+000	-1.878375e+000
9.570306e+000	-1.878000e+000
9.472650e+000	-1.878375e+000
9.374994e+000	-1.878000e+000
9.277338e+000	-1.878000e+000
9.179682e+000	-1.877625e+000
9.082026e+000	-1.878000e+000
8.984370e+000	-1.877250e+000
8.886714e+000	-1.877250e+000
8.789057e+000	-1.877250e+000
8.691401e+000	-1.876875e+000
8.593745e+000	-1.876875e+000
8.496089e+000	-1.876875e+000
8.398433e+000	-1.876875e+000
8.300777e+000	-1.876125e+000
8.203121e+000	-1.876875e+000
8.105465e+000	-1.876125e+000
8.007809e+000	-1.876500e+000
7.910153e+000	-1.876500e+000
7.812496e+000	-1.876125e+000
7.714840e+000	-1.875750e+000
7.617184e+000	-1.875375e+000
7.519528e+000	-1.875375e+000
7.421872e+000	-1.875000e+000
7.324216e+000	-1.875000e+000
7.226560e+000	-1.874625e+000
7.128904e+000	-1.874625e+000
7.031248e+000	-1.873875e+000
6.933591e+000	-1.873875e+000
6.835935e+000	-1.873875e+000
6.738279e+000	-1.873875e+000
6.640623e+000	-1.873500e+000
6.542967e+000	-1.873125e+000
6.445311e+000	-1.872750e+000
6.347655e+000	-1.872750e+000
6.249999e+000	-1.872750e+000
6.152343e+000	-1.872375e+000
6.054687e+000	-1.871625e+000
5.957030e+000	-1.871625e+000
5.859374e+000	-1.870500e+000
5.761718e+000	-1.869750e+000
5.664062e+000	-1.864125e+000
5.566406e+000	-1.864125e+000
5.468750e+000	-1.863375e+000
5.371094e+000	-1.863375e+000
5.273438e+000	-1.863375e+000
5.175782e+000	-1.863000e+000
5.078125e+000	-1.863375e+000
4.980469e+000	-1.863000e+000
4.882813e+000	-1.863000e+000
4.785157e+000	-1.863000e+000
4.687501e+000	-1.863000e+000
4.589845e+000	-1.862625e+000
4.492189e+000	-1.863000e+000
4.394533e+000	-1.862250e+000
4.296877e+000	-1.862625e+000
4.199221e+000	-1.862625e+000
4.101564e+000	-1.862625e+000
4.003908e+000	-1.862625e+000
3.906252e+000	-1.862625e+000
3.808596e+000	-1.862625e+000
3.710940e+000	-1.862625e+000
3.613283e+000	-1.862625e+000
3.515627e+000	-1.863000e+000
3.417971e+000	-1.862625e+000
3.320314e+000	-1.862625e+000
3.222658e+000	-1.862625e+000
3.125002e+000	-1.862250e+000
3.027345e+000	-1.862625e+000
2.929689e+000	-1.862250e+000
2.832033e+000	-1.862625e+000
2.734377e+000	-1.862250e+000
2.636720e+000	-1.862625e+000
2.539064e+000	-1.862625e+000
2.441408e+000	-1.862250e+000
2.343751e+000	-1.862625e+000
2.246095e+000	-1.862625e+000
2.148439e+000	-1.862625e+000
2.050782e+000	-1.862625e+000
1.953126e+000	-1.862250e+000
1.855470e+000	-1.862625e+000
1.757813e+000	-1.862625e+000
1.660157e+000	-1.862250e+000
1.562501e+000	-1.862625e+000
1.464845e+000	-1.862250e+000
1.367189e+000	-1.862625e+000
1.269532e+000	-1.862250e+000
1.171876e+000	-1.862625e+000
1.074220e+000	-1.862625e+000
9.765637e-001	-1.862625e+000
8.789075e-001	-1.862625e+000
7.812513e-001	-1.862625e+000
6.835951e-001	-1.862625e+000
5.859389e-001	-1.862625e+000
4.882826e-001	-1.862250e+000
3.906264e-001	-1.862625e+000
2.929701e-001	-1.862250e+000
1.953139e-001	-1.862625e+000
9.765766e-002	-1.862250e+000
1.415534e-006	-1.862250e+000
-9.765483e-002	-1.862625e+000
