    nm         	mV
9.169979e+001	-2.115000e+002
9.160213e+001	-2.156250e+002
9.150448e+001	-2.051250e+002
9.140682e+001	-2.122500e+002
9.130916e+001	-2.148750e+002
9.121150e+001	-2.081250e+002
9.111385e+001	-2.152500e+002
9.101619e+001	-2.148750e+002
9.091853e+001	-2.126250e+002
9.082088e+001	-2.092500e+002
9.072322e+001	-2.227500e+002
9.062556e+001	-2.111250e+002
9.052791e+001	-2.216250e+002
9.043025e+001	-2.193750e+002
9.033259e+001	-2.160000e+002
9.023493e+001	-2.156250e+002
9.013728e+001	-2.238750e+002
9.003962e+001	-2.163750e+002
8.994196e+001	-2.201250e+002
8.984431e+001	-2.238750e+002
8.974665e+001	-2.190000e+002
8.964899e+001	-2.186250e+002
8.955134e+001	-2.257500e+002
8.945368e+001	-2.268750e+002
8.935602e+001	-2.257500e+002
8.925836e+001	-2.242500e+002
8.916071e+001	-2.268750e+002
8.906305e+001	-2.205000e+002
8.896539e+001	-2.306250e+002
8.886774e+001	-2.283750e+002
8.877008e+001	-2.268750e+002
8.867242e+001	-2.310000e+002
8.857477e+001	-2.291250e+002
8.847711e+001	-2.268750e+002
8.837945e+001	-2.362500e+002
8.828179e+001	-2.328750e+002
8.818414e+001	-2.306250e+002
8.808648e+001	-2.343750e+002
8.798882e+001	-2.370000e+002
8.789117e+001	-2.317500e+002
8.779351e+001	-2.366250e+002
8.769585e+001	-2.385000e+002
8.759820e+001	-2.355000e+002
8.750054e+001	-2.370000e+002
8.740288e+001	-2.392500e+002
8.730522e+001	-2.388750e+002
8.720757e+001	-2.403750e+002
8.710991e+001	-2.445000e+002
8.701225e+001	-2.336250e+002
8.691460e+001	-2.475000e+002
8.681694e+001	-2.433750e+002
8.671928e+001	-2.415000e+002
8.662163e+001	-2.456250e+002
8.652397e+001	-2.463750e+002
8.642631e+001	-2.422500e+002
8.632865e+001	-2.437500e+002
8.623100e+001	-2.493750e+002
8.613334e+001	-2.452500e+002
8.603568e+001	-2.505000e+002
8.593803e+001	-2.527500e+002
8.584037e+001	-2.482500e+002
8.574271e+001	-2.475000e+002
8.564506e+001	-2.591250e+002
8.554740e+001	-2.467500e+002
8.544974e+001	-2.520000e+002
8.535208e+001	-2.553750e+002
8.525443e+001	-2.520000e+002
8.515677e+001	-2.542500e+002
8.505911e+001	-2.587500e+002
8.496146e+001	-2.527500e+002
8.486380e+001	-2.595000e+002
8.476614e+001	-2.602500e+002
8.466849e+001	-2.557500e+002
8.457083e+001	-2.580000e+002
8.447317e+001	-2.621250e+002
8.437551e+001	-2.583750e+002
8.427786e+001	-2.587500e+002
8.418020e+001	-2.666250e+002
8.408254e+001	-2.617500e+002
8.398489e+001	-2.602500e+002
8.388723e+001	-2.670000e+002
8.378957e+001	-2.636250e+002
8.369192e+001	-2.655000e+002
8.359426e+001	-2.681250e+002
8.349660e+001	-2.666250e+002
8.339894e+001	-2.636250e+002
8.330129e+001	-2.703750e+002
8.320363e+001	-2.722500e+002
8.310597e+001	-2.655000e+002
8.300832e+001	-2.741250e+002
8.291066e+001	-2.681250e+002
8.281300e+001	-2.718750e+002
8.271535e+001	-2.733750e+002
8.261769e+001	-2.748750e+002
8.252003e+001	-2.718750e+002
8.242237e+001	-2.801250e+002
8.232472e+001	-2.707500e+002
8.222706e+001	-2.760000e+002
8.212940e+001	-2.790000e+002
8.203175e+001	-2.775000e+002
8.193409e+001	-2.763750e+002
8.183643e+001	-2.816250e+002
8.173878e+001	-2.801250e+002
8.164112e+001	-2.771250e+002
8.154346e+001	-2.797500e+002
8.144580e+001	-2.891250e+002
8.134815e+001	-2.775000e+002
8.125049e+001	-2.823750e+002
8.115283e+001	-2.842500e+002
8.105518e+001	-2.868750e+002
8.095752e+001	-2.842500e+002
8.085986e+001	-2.872500e+002
8.076221e+001	-2.872500e+002
8.066455e+001	-2.857500e+002
8.056689e+001	-2.887500e+002
8.046923e+001	-2.887500e+002
8.037158e+001	-2.898750e+002
8.027392e+001	-2.928750e+002
8.017626e+001	-2.902500e+002
8.007861e+001	-2.898750e+002
7.998095e+001	-2.962500e+002
7.988329e+001	-2.917500e+002
7.978564e+001	-2.932500e+002
7.968798e+001	-2.988750e+002
7.959032e+001	-2.898750e+002
7.949266e+001	-3.026250e+002
7.939501e+001	-2.962500e+002
7.929735e+001	-2.988750e+002
7.919969e+001	-2.947500e+002
7.910204e+001	-3.015000e+002
7.900438e+001	-3.015000e+002
7.890672e+001	-3.026250e+002
7.880907e+001	-3.007500e+002
7.871141e+001	-3.026250e+002
7.861375e+001	-3.037500e+002
7.851609e+001	-3.041250e+002
7.841844e+001	-3.033750e+002
7.832078e+001	-3.086250e+002
7.822312e+001	-3.082500e+002
7.812547e+001	-3.026250e+002
7.802781e+001	-3.101250e+002
7.793015e+001	-3.097500e+002
7.783250e+001	-3.108750e+002
7.773484e+001	-3.101250e+002
7.763718e+001	-3.093750e+002
7.753953e+001	-3.086250e+002
7.744187e+001	-3.135000e+002
7.734421e+001	-3.153750e+002
7.724655e+001	-3.172500e+002
7.714890e+001	-3.116250e+002
7.705124e+001	-3.180000e+002
7.695358e+001	-3.138750e+002
7.685593e+001	-3.183750e+002
7.675827e+001	-3.176250e+002
7.666061e+001	-3.206250e+002
7.656296e+001	-3.138750e+002
7.646530e+001	-3.228750e+002
7.636764e+001	-3.217500e+002
7.626998e+001	-3.195000e+002
7.617233e+001	-3.258750e+002
7.607467e+001	-3.225000e+002
7.597701e+001	-3.243750e+002
7.587936e+001	-3.240000e+002
7.578170e+001	-3.247500e+002
7.568404e+001	-3.273750e+002
7.558639e+001	-3.251250e+002
7.548873e+001	-3.270000e+002
7.539107e+001	-3.240000e+002
7.529341e+001	-3.345000e+002
7.519576e+001	-3.303750e+002
7.509810e+001	-3.311250e+002
7.500044e+001	-3.277500e+002
7.490279e+001	-3.330000e+002
7.480513e+001	-3.311250e+002
7.470747e+001	-3.363750e+002
7.460982e+001	-3.363750e+002
7.451216e+001	-3.337500e+002
7.441450e+001	-3.371250e+002
7.431684e+001	-3.352500e+002
7.421919e+001	-3.348750e+002
7.412153e+001	-3.393750e+002
7.402387e+001	-3.405000e+002
7.392622e+001	-3.390000e+002
7.382856e+001	-3.397500e+002
7.373090e+001	-3.442500e+002
7.363325e+001	-3.401250e+002
7.353559e+001	-3.461250e+002
7.343793e+001	-3.431250e+002
7.334027e+001	-3.435000e+002
7.324262e+001	-3.457500e+002
7.314496e+001	-3.472500e+002
7.304730e+001	-3.461250e+002
7.294965e+001	-3.472500e+002
7.285199e+001	-3.450000e+002
7.275433e+001	-3.480000e+002
7.265668e+001	-3.540000e+002
7.255902e+001	-3.483750e+002
7.246136e+001	-3.513750e+002
7.236370e+001	-3.562500e+002
7.226605e+001	-3.495000e+002
7.216839e+001	-3.528750e+002
7.207073e+001	-3.540000e+002
7.197308e+001	-3.585000e+002
7.187542e+001	-3.502500e+002
7.177776e+001	-3.637500e+002
7.168011e+001	-3.517500e+002
7.158245e+001	-3.566250e+002
7.148479e+001	-3.555000e+002
7.138713e+001	-3.656250e+002
7.128948e+001	-3.611250e+002
7.119182e+001	-3.615000e+002
7.109416e+001	-3.592500e+002
7.099651e+001	-3.645000e+002
7.089885e+001	-3.615000e+002
7.080119e+001	-3.656250e+002
7.070354e+001	-3.645000e+002
7.060588e+001	-3.663750e+002
7.050822e+001	-3.641250e+002
7.041056e+001	-3.667500e+002
7.031291e+001	-3.648750e+002
7.021525e+001	-3.738750e+002
7.011759e+001	-3.678750e+002
7.001994e+001	-3.735000e+002
6.992228e+001	-3.660000e+002
6.982462e+001	-3.716250e+002
6.972697e+001	-3.693750e+002
6.962931e+001	-3.772500e+002
6.953165e+001	-3.727500e+002
6.943399e+001	-3.757500e+002
6.933634e+001	-3.757500e+002
6.923868e+001	-3.768750e+002
6.914102e+001	-3.708750e+002
6.904337e+001	-3.828750e+002
6.894571e+001	-3.761250e+002
6.884805e+001	-3.798750e+002
6.875040e+001	-3.817500e+002
6.865274e+001	-3.787500e+002
6.855508e+001	-3.761250e+002
6.845742e+001	-3.873750e+002
6.835977e+001	-3.817500e+002
6.826211e+001	-3.795000e+002
6.816445e+001	-3.825000e+002
6.806680e+001	-3.847500e+002
6.796914e+001	-3.825000e+002
6.787148e+001	-3.933750e+002
6.777383e+001	-3.851250e+002
6.767617e+001	-3.881250e+002
6.757851e+001	-3.892500e+002
6.748085e+001	-3.888750e+002
6.738320e+001	-3.866250e+002
6.728554e+001	-3.941250e+002
6.718788e+001	-3.915000e+002
6.709023e+001	-3.896250e+002
6.699257e+001	-3.903750e+002
6.689491e+001	-3.975000e+002
6.679726e+001	-3.896250e+002
6.669960e+001	-4.035000e+002
6.660194e+001	-3.948750e+002
6.650428e+001	-3.952500e+002
6.640663e+001	-3.911250e+002
6.630897e+001	-4.016250e+002
6.621131e+001	-3.986250e+002
6.611366e+001	-4.038750e+002
6.601600e+001	-4.023750e+002
6.591834e+001	-3.982500e+002
6.582069e+001	-3.933750e+002
6.572303e+001	-4.098750e+002
6.562537e+001	-4.035000e+002
6.552771e+001	-4.065000e+002
6.543006e+001	-4.061250e+002
6.533240e+001	-4.057500e+002
6.523474e+001	-4.020000e+002
6.513709e+001	-4.128750e+002
6.503943e+001	-4.091250e+002
6.494177e+001	-4.091250e+002
6.484412e+001	-4.065000e+002
6.474646e+001	-4.140000e+002
6.464880e+001	-4.061250e+002
6.455114e+001	-4.188750e+002
6.445349e+001	-4.113750e+002
6.435583e+001	-4.162500e+002
6.425817e+001	-4.140000e+002
6.416052e+001	-4.128750e+002
6.406286e+001	-4.155000e+002
6.396520e+001	-4.215000e+002
6.386755e+001	-4.170000e+002
6.376989e+001	-4.170000e+002
6.367223e+001	-4.211250e+002
6.357457e+001	-4.177500e+002
6.347692e+001	-4.170000e+002
6.337926e+001	-4.233750e+002
6.328160e+001	-4.215000e+002
6.318395e+001	-4.192500e+002
6.308629e+001	-4.256250e+002
6.298863e+001	-4.252500e+002
6.289098e+001	-4.237500e+002
6.279332e+001	-4.256250e+002
6.269566e+001	-4.252500e+002
6.259801e+001	-4.267500e+002
6.250035e+001	-4.267500e+002
6.240269e+001	-4.282500e+002
6.230503e+001	-4.248750e+002
6.220738e+001	-4.327500e+002
6.210972e+001	-4.323750e+002
6.201206e+001	-4.312500e+002
6.191441e+001	-4.327500e+002
6.181675e+001	-4.342500e+002
6.171909e+001	-4.331250e+002
6.162144e+001	-4.368750e+002
6.152378e+001	-4.346250e+002
6.142612e+001	-4.331250e+002
6.132846e+001	-4.402500e+002
6.123081e+001	-4.387500e+002
6.113315e+001	-4.372500e+002
6.103549e+001	-4.417500e+002
6.093784e+001	-4.425000e+002
6.084018e+001	-4.376250e+002
6.074252e+001	-4.395000e+002
6.064487e+001	-4.432500e+002
6.054721e+001	-4.455000e+002
6.044955e+001	-4.455000e+002
6.035189e+001	-4.477500e+002
6.025424e+001	-4.440000e+002
6.015658e+001	-4.425000e+002
6.005892e+001	-4.530000e+002
5.996127e+001	-4.485000e+002
5.986361e+001	-4.500000e+002
5.976595e+001	-4.522500e+002
5.966830e+001	-4.485000e+002
5.957064e+001	-4.511250e+002
5.947298e+001	-4.560000e+002
5.937532e+001	-4.526250e+002
5.927767e+001	-4.511250e+002
5.918001e+001	-4.597500e+002
5.908235e+001	-4.526250e+002
5.898470e+001	-4.567500e+002
5.888704e+001	-4.627500e+002
5.878938e+001	-4.597500e+002
5.869173e+001	-4.575000e+002
5.859407e+001	-4.631250e+002
5.849641e+001	-4.590000e+002
5.839875e+001	-4.635000e+002
5.830110e+001	-4.691250e+002
5.820344e+001	-4.635000e+002
5.810578e+001	-4.608750e+002
5.800813e+001	-4.706250e+002
5.791047e+001	-4.650000e+002
5.781281e+001	-4.676250e+002
5.771516e+001	-4.721250e+002
5.761750e+001	-4.687500e+002
5.751984e+001	-4.668750e+002
5.742218e+001	-4.766250e+002
5.732453e+001	-4.758750e+002
5.722687e+001	-4.713750e+002
5.712921e+001	-4.740000e+002
5.703156e+001	-4.822500e+002
5.693390e+001	-4.698750e+002
5.683624e+001	-4.777500e+002
5.673859e+001	-4.811250e+002
5.664093e+001	-4.766250e+002
5.654327e+001	-4.777500e+002
5.644561e+001	-4.833750e+002
5.634796e+001	-4.807500e+002
5.625030e+001	-4.811250e+002
5.615264e+001	-4.830000e+002
5.605499e+001	-4.837500e+002
5.595733e+001	-4.856250e+002
5.585967e+001	-4.860000e+002
5.576202e+001	-4.841250e+002
5.566436e+001	-4.852500e+002
5.556670e+001	-4.927500e+002
5.546904e+001	-4.841250e+002
5.537139e+001	-4.912500e+002
5.527373e+001	-4.938750e+002
5.517607e+001	-4.878750e+002
5.507842e+001	-4.935000e+002
5.498076e+001	-4.980000e+002
5.488310e+001	-4.927500e+002
5.478545e+001	-4.980000e+002
5.468779e+001	-4.976250e+002
5.459013e+001	-4.991250e+002
5.449247e+001	-4.953750e+002
5.439482e+001	-5.040000e+002
5.429716e+001	-5.013750e+002
5.419950e+001	-5.002500e+002
5.410185e+001	-5.021250e+002
5.400419e+001	-5.013750e+002
5.390653e+001	-5.055000e+002
5.380888e+001	-5.070000e+002
5.371122e+001	-5.043750e+002
5.361356e+001	-5.032500e+002
5.351590e+001	-5.092500e+002
5.341825e+001	-5.066250e+002
5.332059e+001	-5.092500e+002
5.322293e+001	-5.133750e+002
5.312528e+001	-5.107500e+002
5.302762e+001	-5.051250e+002
5.292996e+001	-5.133750e+002
5.283231e+001	-5.148750e+002
5.273465e+001	-5.115000e+002
5.263699e+001	-5.163750e+002
5.253933e+001	-5.163750e+002
5.244168e+001	-5.141250e+002
5.234402e+001	-5.175000e+002
5.224636e+001	-5.201250e+002
5.214871e+001	-5.182500e+002
5.205105e+001	-5.231250e+002
5.195339e+001	-5.197500e+002
5.185574e+001	-5.186250e+002
5.175808e+001	-5.223750e+002
5.166042e+001	-5.253750e+002
5.156276e+001	-5.212500e+002
5.146511e+001	-5.272500e+002
5.136745e+001	-5.287500e+002
5.126979e+001	-5.261250e+002
5.117214e+001	-5.276250e+002
5.107448e+001	-5.310000e+002
5.097682e+001	-5.280000e+002
5.087917e+001	-5.302500e+002
5.078151e+001	-5.347500e+002
5.068385e+001	-5.313750e+002
5.058619e+001	-5.328750e+002
5.048854e+001	-5.332500e+002
5.039088e+001	-5.362500e+002
5.029322e+001	-5.336250e+002
5.019557e+001	-5.370000e+002
5.009791e+001	-5.355000e+002
5.000025e+001	-5.381250e+002
4.990260e+001	-5.415000e+002
4.980494e+001	-5.385000e+002
4.970728e+001	-5.396250e+002
4.960962e+001	-5.445000e+002
4.951197e+001	-5.411250e+002
4.941431e+001	-5.426250e+002
4.931665e+001	-5.471250e+002
4.921900e+001	-5.452500e+002
4.912134e+001	-5.422500e+002
4.902368e+001	-5.486250e+002
4.892603e+001	-5.516250e+002
4.882837e+001	-5.471250e+002
4.873071e+001	-5.523750e+002
4.863305e+001	-5.512500e+002
4.853540e+001	-5.475000e+002
4.843774e+001	-5.523750e+002
4.834008e+001	-5.523750e+002
4.824243e+001	-5.542500e+002
4.814477e+001	-5.553750e+002
4.804711e+001	-5.546250e+002
4.794946e+001	-5.516250e+002
4.785180e+001	-5.598750e+002
4.775414e+001	-5.621250e+002
4.765648e+001	-5.553750e+002
4.755883e+001	-5.602500e+002
4.746117e+001	-5.598750e+002
4.736351e+001	-5.602500e+002
4.726586e+001	-5.625000e+002
4.716820e+001	-5.628750e+002
4.707054e+001	-5.662500e+002
4.697289e+001	-5.617500e+002
4.687523e+001	-5.666250e+002
4.677757e+001	-5.632500e+002
4.667992e+001	-5.685000e+002
4.658226e+001	-5.733750e+002
4.648460e+001	-5.670000e+002
4.638694e+001	-5.651250e+002
4.628929e+001	-5.752500e+002
4.619163e+001	-5.685000e+002
4.609397e+001	-5.722500e+002
4.599632e+001	-5.778750e+002
4.589866e+001	-5.711250e+002
4.580100e+001	-5.737500e+002
4.570335e+001	-5.808750e+002
4.560569e+001	-5.748750e+002
4.550803e+001	-5.775000e+002
4.541037e+001	-5.808750e+002
4.531272e+001	-5.778750e+002
4.521506e+001	-5.790000e+002
4.511740e+001	-5.857500e+002
4.501975e+001	-5.797500e+002
4.492209e+001	-5.842500e+002
4.482443e+001	-5.865000e+002
4.472678e+001	-5.835000e+002
4.462912e+001	-5.805000e+002
4.453146e+001	-5.887500e+002
4.443380e+001	-5.895000e+002
4.433615e+001	-5.853750e+002
4.423849e+001	-5.925000e+002
4.414083e+001	-5.898750e+002
4.404318e+001	-5.857500e+002
4.394552e+001	-5.932500e+002
4.384786e+001	-5.966250e+002
4.375021e+001	-5.902500e+002
4.365255e+001	-5.966250e+002
4.355489e+001	-5.932500e+002
4.345723e+001	-5.943750e+002
4.335958e+001	-5.970000e+002
4.326192e+001	-5.988750e+002
4.316426e+001	-6.003750e+002
4.306661e+001	-6.015000e+002
4.296895e+001	-5.966250e+002
4.287129e+001	-5.985000e+002
4.277364e+001	-6.026250e+002
4.267598e+001	-6.045000e+002
4.257832e+001	-6.052500e+002
4.248066e+001	-6.030000e+002
4.238301e+001	-6.082500e+002
4.228535e+001	-6.030000e+002
4.218769e+001	-6.071250e+002
4.209004e+001	-6.108750e+002
4.199238e+001	-6.078750e+002
4.189472e+001	-6.090000e+002
4.179707e+001	-6.108750e+002
4.169941e+001	-6.112500e+002
4.160175e+001	-6.105000e+002
4.150409e+001	-6.180000e+002
4.140644e+001	-6.127500e+002
4.130878e+001	-6.127500e+002
4.121112e+001	-6.165000e+002
4.111347e+001	-6.176250e+002
4.101581e+001	-6.172500e+002
4.091815e+001	-6.210000e+002
4.082050e+001	-6.165000e+002
4.072284e+001	-6.180000e+002
4.062518e+001	-6.243750e+002
4.052752e+001	-6.198750e+002
4.042987e+001	-6.210000e+002
4.033221e+001	-6.255000e+002
4.023455e+001	-6.255000e+002
4.013690e+001	-6.213750e+002
4.003924e+001	-6.288750e+002
3.994158e+001	-6.288750e+002
3.984393e+001	-6.255000e+002
3.974627e+001	-6.296250e+002
3.964861e+001	-6.281250e+002
3.955095e+001	-6.270000e+002
3.945330e+001	-6.311250e+002
3.935564e+001	-6.345000e+002
3.925798e+001	-6.318750e+002
3.916033e+001	-6.333750e+002
3.906267e+001	-6.326250e+002
3.896501e+001	-6.322500e+002
3.886736e+001	-6.375000e+002
3.876970e+001	-6.378750e+002
3.867204e+001	-6.367500e+002
3.857438e+001	-6.345000e+002
3.847673e+001	-6.393750e+002
3.837907e+001	-6.337500e+002
3.828141e+001	-6.450000e+002
3.818376e+001	-6.438750e+002
3.808610e+001	-6.393750e+002
3.798844e+001	-6.416250e+002
3.789079e+001	-6.442500e+002
3.779313e+001	-6.401250e+002
3.769547e+001	-6.453750e+002
3.759781e+001	-6.476250e+002
3.750016e+001	-6.427500e+002
3.740250e+001	-6.480000e+002
3.730484e+001	-6.506250e+002
3.720719e+001	-6.483750e+002
3.710953e+001	-6.476250e+002
3.701187e+001	-6.510000e+002
3.691422e+001	-6.513750e+002
3.681656e+001	-6.495000e+002
3.671890e+001	-6.570000e+002
3.662124e+001	-6.506250e+002
3.652359e+001	-6.543750e+002
3.642593e+001	-6.573750e+002
3.632827e+001	-6.562500e+002
3.623062e+001	-6.555000e+002
3.613296e+001	-6.630000e+002
3.603530e+001	-6.581250e+002
3.593765e+001	-6.581250e+002
3.583999e+001	-6.596250e+002
3.574233e+001	-6.648750e+002
3.564467e+001	-6.603750e+002
3.554702e+001	-6.682500e+002
3.544936e+001	-6.656250e+002
3.535170e+001	-6.648750e+002
3.525405e+001	-6.678750e+002
3.515639e+001	-6.693750e+002
3.505873e+001	-6.652500e+002
3.496108e+001	-6.727500e+002
3.486342e+001	-6.690000e+002
3.476576e+001	-6.705000e+002
3.466810e+001	-6.720000e+002
3.457045e+001	-6.753750e+002
3.447279e+001	-6.708750e+002
3.437513e+001	-6.791250e+002
3.427748e+001	-6.765000e+002
3.417982e+001	-6.750000e+002
3.408216e+001	-6.765000e+002
3.398451e+001	-6.791250e+002
3.388685e+001	-6.746250e+002
3.378919e+001	-6.828750e+002
3.369153e+001	-6.832500e+002
3.359388e+001	-6.806250e+002
3.349622e+001	-6.813750e+002
3.339856e+001	-6.843750e+002
3.330091e+001	-6.813750e+002
3.320325e+001	-6.862500e+002
3.310559e+001	-6.873750e+002
3.300794e+001	-6.866250e+002
3.291028e+001	-6.836250e+002
3.281262e+001	-6.900000e+002
3.271496e+001	-6.855000e+002
3.261731e+001	-6.933750e+002
3.251965e+001	-6.903750e+002
3.242199e+001	-6.922500e+002
3.232434e+001	-6.896250e+002
3.222668e+001	-6.948750e+002
3.212902e+001	-6.918750e+002
3.203137e+001	-6.963750e+002
3.193371e+001	-6.960000e+002
3.183605e+001	-6.971250e+002
3.173840e+001	-6.967500e+002
3.164074e+001	-7.008750e+002
3.154308e+001	-6.967500e+002
3.144542e+001	-7.012500e+002
3.134777e+001	-6.997500e+002
3.125011e+001	-7.012500e+002
3.115245e+001	-6.993750e+002
3.105480e+001	-7.065000e+002
3.095714e+001	-7.050000e+002
3.085948e+001	-7.023750e+002
3.076183e+001	-7.046250e+002
3.066417e+001	-7.098750e+002
3.056651e+001	-7.053750e+002
3.046885e+001	-7.098750e+002
3.037120e+001	-7.072500e+002
3.027354e+001	-7.076250e+002
3.017588e+001	-7.083750e+002
3.007823e+001	-7.128750e+002
2.998057e+001	-7.121250e+002
2.988291e+001	-7.143750e+002
2.978526e+001	-7.140000e+002
2.968760e+001	-7.128750e+002
2.958994e+001	-7.143750e+002
2.949228e+001	-7.158750e+002
2.939463e+001	-7.181250e+002
2.929697e+001	-7.185000e+002
2.919931e+001	-7.158750e+002
2.910166e+001	-7.173750e+002
2.900400e+001	-7.200000e+002
2.890634e+001	-7.230000e+002
2.880869e+001	-7.200000e+002
2.871103e+001	-7.237500e+002
2.861337e+001	-7.233750e+002
2.851571e+001	-7.233750e+002
2.841806e+001	-7.241250e+002
2.832040e+001	-7.256250e+002
2.822274e+001	-7.256250e+002
2.812509e+001	-7.293750e+002
2.802743e+001	-7.290000e+002
2.792977e+001	-7.278750e+002
2.783212e+001	-7.278750e+002
2.773446e+001	-7.316250e+002
2.763680e+001	-7.320000e+002
2.753914e+001	-7.320000e+002
2.744149e+001	-7.327500e+002
2.734383e+001	-7.346250e+002
2.724617e+001	-7.342500e+002
2.714852e+001	-7.368750e+002
2.705086e+001	-7.353750e+002
2.695320e+001	-7.376250e+002
2.685555e+001	-7.383750e+002
2.675789e+001	-7.395000e+002
2.666023e+001	-7.395000e+002
2.656257e+001	-7.395000e+002
2.646492e+001	-7.410000e+002
2.636726e+001	-7.421250e+002
2.626960e+001	-7.451250e+002
2.617195e+001	-7.440000e+002
2.607429e+001	-7.451250e+002
2.597663e+001	-7.477500e+002
2.587898e+001	-7.458750e+002
2.578132e+001	-7.466250e+002
2.568366e+001	-7.481250e+002
2.558600e+001	-7.500000e+002
2.548835e+001	-7.500000e+002
2.539069e+001	-7.522500e+002
2.529303e+001	-7.507500e+002
2.519538e+001	-7.518750e+002
2.509772e+001	-7.530000e+002
2.500006e+001	-7.552500e+002
2.490241e+001	-7.537500e+002
2.480475e+001	-7.552500e+002
2.470709e+001	-7.552500e+002
2.460943e+001	-7.552500e+002
2.451178e+001	-7.563750e+002
2.441412e+001	-7.590000e+002
2.431646e+001	-7.590000e+002
2.421881e+001	-7.605000e+002
2.412115e+001	-7.593750e+002
2.402349e+001	-7.586250e+002
2.392584e+001	-7.590000e+002
2.382818e+001	-7.605000e+002
2.373052e+001	-7.597500e+002
2.363286e+001	-7.597500e+002
2.353521e+001	-7.582500e+002
2.343755e+001	-7.548750e+002
2.333989e+001	-7.432500e+002
2.324224e+001	-7.128750e+002
2.314458e+001	-7.072500e+002
2.304692e+001	-7.038750e+002
2.294927e+001	-7.038750e+002
2.285161e+001	-7.035000e+002
2.275395e+001	-7.001250e+002
2.265629e+001	-7.001250e+002
2.255864e+001	-7.001250e+002
2.246098e+001	-6.986250e+002
2.236332e+001	-6.967500e+002
2.226567e+001	-6.971250e+002
2.216801e+001	-6.967500e+002
2.207035e+001	-6.975000e+002
2.197270e+001	-6.971250e+002
2.187504e+001	-6.971250e+002
2.177738e+001	-6.971250e+002
2.167972e+001	-6.967500e+002
2.158207e+001	-6.963750e+002
2.148441e+001	-6.967500e+002
2.138675e+001	-6.967500e+002
2.128910e+001	-6.963750e+002
2.119144e+001	-6.971250e+002
2.109378e+001	-6.971250e+002
2.099613e+001	-6.971250e+002
2.089847e+001	-6.971250e+002
2.080081e+001	-6.967500e+002
2.070315e+001	-6.975000e+002
2.060550e+001	-6.975000e+002
2.050784e+001	-6.975000e+002
2.041018e+001	-6.975000e+002
2.031253e+001	-6.975000e+002
2.021487e+001	-6.975000e+002
2.011721e+001	-6.975000e+002
2.001956e+001	-6.982500e+002
1.992190e+001	-6.982500e+002
1.982424e+001	-6.982500e+002
1.972658e+001	-6.978750e+002
1.962893e+001	-6.982500e+002
1.953127e+001	-6.982500e+002
1.943361e+001	-6.982500e+002
1.933596e+001	-6.982500e+002
1.923830e+001	-6.982500e+002
1.914064e+001	-6.982500e+002
1.904299e+001	-6.982500e+002
1.894533e+001	-6.986250e+002
1.884767e+001	-6.986250e+002
1.875001e+001	-6.986250e+002
1.865236e+001	-6.986250e+002
1.855470e+001	-6.990000e+002
1.845704e+001	-6.990000e+002
1.835939e+001	-6.993750e+002
1.826173e+001	-6.997500e+002
1.816407e+001	-6.997500e+002
1.806642e+001	-6.997500e+002
1.796876e+001	-6.997500e+002
1.787110e+001	-7.005000e+002
1.777344e+001	-7.001250e+002
1.767579e+001	-7.001250e+002
1.757813e+001	-7.005000e+002
1.748047e+001	-7.008750e+002
1.738282e+001	-7.012500e+002
1.728516e+001	-7.020000e+002
1.718750e+001	-7.020000e+002
1.708985e+001	-7.023750e+002
1.699219e+001	-7.023750e+002
1.689453e+001	-7.027500e+002
1.679688e+001	-6.990000e+002
1.669922e+001	-6.986250e+002
1.660156e+001	-6.982500e+002
1.650390e+001	-6.986250e+002
1.640625e+001	-6.986250e+002
1.630859e+001	-6.986250e+002
1.621093e+001	-6.986250e+002
1.611328e+001	-6.990000e+002
1.601562e+001	-6.986250e+002
1.591796e+001	-6.986250e+002
1.582031e+001	-6.990000e+002
1.572265e+001	-6.986250e+002
1.562499e+001	-6.990000e+002
1.552733e+001	-6.986250e+002
1.542968e+001	-6.986250e+002
1.533202e+001	-6.990000e+002
1.523436e+001	-6.986250e+002
1.513671e+001	-6.990000e+002
1.503905e+001	-6.986250e+002
1.494139e+001	-6.990000e+002
1.484374e+001	-6.986250e+002
1.474608e+001	-6.990000e+002
1.464842e+001	-6.986250e+002
1.455077e+001	-6.986250e+002
1.445311e+001	-6.986250e+002
1.435546e+001	-6.990000e+002
1.425780e+001	-6.990000e+002
1.416014e+001	-6.990000e+002
1.406249e+001	-6.986250e+002
1.396483e+001	-6.990000e+002
1.386717e+001	-6.993750e+002
1.376952e+001	-6.990000e+002
1.367186e+001	-6.986250e+002
1.357421e+001	-6.990000e+002
1.347655e+001	-6.990000e+002
1.337889e+001	-6.993750e+002
1.328124e+001	-6.990000e+002
1.318358e+001	-6.993750e+002
1.308593e+001	-6.993750e+002
1.298827e+001	-6.993750e+002
1.289061e+001	-6.993750e+002
1.279296e+001	-6.993750e+002
1.269530e+001	-6.993750e+002
1.259765e+001	-6.997500e+002
1.249999e+001	-6.993750e+002
1.240233e+001	-6.997500e+002
1.230468e+001	-6.993750e+002
1.220702e+001	-6.993750e+002
1.210937e+001	-6.997500e+002
1.201171e+001	-6.993750e+002
1.191405e+001	-6.993750e+002
1.181640e+001	-6.997500e+002
1.171874e+001	-6.993750e+002
1.162108e+001	-6.997500e+002
1.152343e+001	-6.997500e+002
1.142577e+001	-6.997500e+002
1.132812e+001	-6.997500e+002
1.123046e+001	-7.001250e+002
1.113280e+001	-7.001250e+002
1.103515e+001	-7.001250e+002
1.093749e+001	-7.001250e+002
1.083984e+001	-7.001250e+002
1.074218e+001	-6.997500e+002
1.064452e+001	-7.001250e+002
1.054687e+001	-7.001250e+002
1.044921e+001	-7.001250e+002
1.035156e+001	-7.005000e+002
1.025390e+001	-7.001250e+002
1.015624e+001	-7.005000e+002
1.005859e+001	-7.001250e+002
9.960931e+000	-7.001250e+002
9.863275e+000	-7.001250e+002
9.765619e+000	-7.005000e+002
9.667962e+000	-7.001250e+002
9.570306e+000	-7.005000e+002
9.472650e+000	-7.005000e+002
9.374994e+000	-7.005000e+002
9.277338e+000	-7.005000e+002
9.179682e+000	-7.008750e+002
9.082026e+000	-7.005000e+002
8.984370e+000	-7.005000e+002
8.886714e+000	-7.008750e+002
8.789057e+000	-7.005000e+002
8.691401e+000	-7.005000e+002
8.593745e+000	-7.005000e+002
8.496089e+000	-7.008750e+002
8.398433e+000	-7.005000e+002
8.300777e+000	-7.008750e+002
8.203121e+000	-7.008750e+002
8.105465e+000	-7.012500e+002
8.007809e+000	-7.012500e+002
7.910153e+000	-7.008750e+002
7.812496e+000	-7.008750e+002
7.714840e+000	-7.012500e+002
7.617184e+000	-7.008750e+002
7.519528e+000	-7.008750e+002
7.421872e+000	-7.008750e+002
7.324216e+000	-7.008750e+002
7.226560e+000	-7.012500e+002
7.128904e+000	-7.012500e+002
7.031248e+000	-7.012500e+002
6.933591e+000	-7.012500e+002
6.835935e+000	-7.012500e+002
6.738279e+000	-7.012500e+002
6.640623e+000	-7.012500e+002
6.542967e+000	-7.012500e+002
6.445311e+000	-7.016250e+002
6.347655e+000	-7.012500e+002
6.249999e+000	-7.012500e+002
6.152343e+000	-7.012500e+002
6.054687e+000	-7.012500e+002
5.957030e+000	-7.016250e+002
5.859374e+000	-7.016250e+002
5.761718e+000	-7.016250e+002
5.664062e+000	-7.016250e+002
5.566406e+000	-7.016250e+002
5.468750e+000	-7.016250e+002
5.371094e+000	-7.016250e+002
5.273438e+000	-7.020000e+002
5.175782e+000	-7.020000e+002
5.078125e+000	-7.016250e+002
4.980469e+000	-7.016250e+002
4.882813e+000	-7.016250e+002
4.785157e+000	-7.016250e+002
4.687501e+000	-7.020000e+002
4.589845e+000	-7.020000e+002
4.492189e+000	-7.020000e+002
4.394533e+000	-7.016250e+002
4.296877e+000	-7.020000e+002
4.199221e+000	-7.016250e+002
4.101564e+000	-7.016250e+002
4.003908e+000	-7.020000e+002
3.906252e+000	-7.016250e+002
3.808596e+000	-7.020000e+002
3.710940e+000	-7.020000e+002
3.613283e+000	-7.020000e+002
3.515627e+000	-7.023750e+002
3.417971e+000	-7.023750e+002
3.320314e+000	-7.020000e+002
3.222658e+000	-7.023750e+002
3.125002e+000	-7.023750e+002
3.027345e+000	-7.027500e+002
2.929689e+000	-7.023750e+002
2.832033e+000	-7.020000e+002
2.734377e+000	-7.027500e+002
2.636720e+000	-7.023750e+002
2.539064e+000	-7.023750e+002
2.441408e+000	-7.027500e+002
2.343751e+000	-7.023750e+002
2.246095e+000	-7.027500e+002
2.148439e+000	-7.023750e+002
2.050782e+000	-7.027500e+002
1.953126e+000	-7.027500e+002
1.855470e+000	-7.023750e+002
1.757813e+000	-7.027500e+002
1.660157e+000	-7.023750e+002
1.562501e+000	-7.023750e+002
1.464845e+000	-7.027500e+002
1.367189e+000	-7.027500e+002
1.269532e+000	-7.027500e+002
1.171876e+000	-7.027500e+002
1.074220e+000	-7.027500e+002
9.765637e-001	-7.027500e+002
8.789075e-001	-7.027500e+002
7.812513e-001	-7.027500e+002
6.835951e-001	-7.027500e+002
5.859389e-001	-7.031250e+002
4.882826e-001	-7.027500e+002
3.906264e-001	-7.027500e+002
2.929701e-001	-7.035000e+002
1.953139e-001	-7.031250e+002
9.765766e-002	-7.031250e+002
1.415534e-006	-7.027500e+002
-9.765483e-002	-7.027500e+002
-1.953111e-001	-7.031250e+002
-2.929673e-001	-7.031250e+002
-3.906236e-001	-7.031250e+002
-4.882798e-001	-7.031250e+002
-5.859361e-001	-7.031250e+002
-6.835923e-001	-7.031250e+002
-7.812485e-001	-7.035000e+002
-8.789047e-001	-7.035000e+002
-9.765609e-001	-7.038750e+002
-1.074217e+000	-7.035000e+002
-1.171873e+000	-7.035000e+002
-1.269530e+000	-7.035000e+002
-1.367186e+000	-7.035000e+002
-1.464842e+000	-7.035000e+002
-1.562498e+000	-7.035000e+002
-1.660154e+000	-7.035000e+002
-1.757811e+000	-7.035000e+002
-1.855467e+000	-7.035000e+002
-1.953123e+000	-7.035000e+002
-2.050780e+000	-7.038750e+002
-2.148436e+000	-7.035000e+002
-2.246092e+000	-7.038750e+002
-2.343749e+000	-7.038750e+002
-2.441405e+000	-7.038750e+002
-2.539061e+000	-7.038750e+002
-2.636718e+000	-7.038750e+002
-2.734374e+000	-7.038750e+002
-2.832030e+000	-7.038750e+002
-2.929686e+000	-7.038750e+002
-3.027343e+000	-7.042500e+002
-3.124999e+000	-7.038750e+002
-3.222655e+000	-7.038750e+002
-3.320312e+000	-7.042500e+002
-3.417968e+000	-7.042500e+002
-3.515624e+000	-7.042500e+002
-3.613281e+000	-7.042500e+002
-3.710937e+000	-7.046250e+002
-3.808593e+000	-7.042500e+002
-3.906250e+000	-7.038750e+002
-4.003906e+000	-7.042500e+002
-4.101562e+000	-7.046250e+002
-4.199218e+000	-7.042500e+002
-4.296874e+000	-7.042500e+002
-4.394530e+000	-7.042500e+002
-4.492186e+000	-7.046250e+002
-4.589842e+000	-7.046250e+002
-4.687498e+000	-7.046250e+002
-4.785154e+000	-7.046250e+002
-4.882811e+000	-7.046250e+002
-4.980467e+000	-7.046250e+002
-5.078123e+000	-7.053750e+002
-5.175779e+000	-7.050000e+002
-5.273435e+000	-7.046250e+002
-5.371091e+000	-7.050000e+002
-5.468747e+000	-7.050000e+002
-5.566403e+000	-7.050000e+002
-5.664059e+000	-7.050000e+002
-5.761716e+000	-7.050000e+002
-5.859372e+000	-7.053750e+002
-5.957028e+000	-7.053750e+002
-6.054684e+000	-7.053750e+002
-6.152340e+000	-7.050000e+002
-6.249996e+000	-7.053750e+002
-6.347652e+000	-7.053750e+002
-6.445308e+000	-7.053750e+002
-6.542964e+000	-7.057500e+002
-6.640620e+000	-7.053750e+002
-6.738277e+000	-7.050000e+002
-6.835933e+000	-7.053750e+002
-6.933589e+000	-7.053750e+002
-7.031245e+000	-7.057500e+002
-7.128901e+000	-7.053750e+002
-7.226557e+000	-7.057500e+002
-7.324213e+000	-7.057500e+002
-7.421869e+000	-7.057500e+002
-7.519525e+000	-7.057500e+002
-7.617182e+000	-7.057500e+002
-7.714838e+000	-7.061250e+002
-7.812494e+000	-7.061250e+002
-7.910150e+000	-7.061250e+002
-8.007806e+000	-7.061250e+002
-8.105462e+000	-7.061250e+002
-8.203118e+000	-7.065000e+002
