    nm         	 V
6.931683e+002	-1.881000e+000
6.924847e+002	-1.882125e+000
6.918011e+002	-1.882500e+000
6.911175e+002	-1.884000e+000
6.904339e+002	-1.884750e+000
6.897503e+002	-1.885500e+000
6.890667e+002	-1.887000e+000
6.883831e+002	-1.887750e+000
6.876995e+002	-1.888875e+000
6.870159e+002	-1.889250e+000
6.863323e+002	-1.890375e+000
6.856487e+002	-1.891500e+000
6.849651e+002	-1.892625e+000
6.842815e+002	-1.893750e+000
6.835979e+002	-1.894875e+000
6.829143e+002	-1.896000e+000
6.822307e+002	-1.896750e+000
6.815471e+002	-1.897875e+000
6.808635e+002	-1.899000e+000
6.801799e+002	-1.899375e+000
6.794963e+002	-1.900875e+000
6.788127e+002	-1.902000e+000
6.781291e+002	-1.902750e+000
6.774455e+002	-1.903875e+000
6.767619e+002	-1.905000e+000
6.760783e+002	-1.905750e+000
6.753947e+002	-1.906875e+000
6.747111e+002	-1.907625e+000
6.740275e+002	-1.908375e+000
6.733439e+002	-1.909875e+000
6.726603e+002	-1.911375e+000
6.719767e+002	-1.912125e+000
6.712932e+002	-1.913250e+000
6.706096e+002	-1.914750e+000
6.699260e+002	-1.915500e+000
6.692424e+002	-1.916625e+000
6.685588e+002	-1.917375e+000
6.678752e+002	-1.918500e+000
6.671916e+002	-1.919250e+000
6.665080e+002	-1.920750e+000
6.658244e+002	-1.921875e+000
6.651408e+002	-1.923000e+000
6.644572e+002	-1.923375e+000
6.637736e+002	-1.925250e+000
6.630900e+002	-1.926000e+000
6.624064e+002	-1.927125e+000
6.617228e+002	-1.927875e+000
6.610392e+002	-1.929000e+000
6.603556e+002	-1.930500e+000
6.596720e+002	-1.931250e+000
6.589884e+002	-1.932375e+000
6.583048e+002	-1.933875e+000
6.576212e+002	-1.935000e+000
6.569376e+002	-1.935750e+000
6.562540e+002	-1.936500e+000
6.555704e+002	-1.938000e+000
6.548868e+002	-1.939500e+000
6.542032e+002	-1.940250e+000
6.535196e+002	-1.941000e+000
6.528360e+002	-1.942125e+000
6.521524e+002	-1.943625e+000
6.514688e+002	-1.944375e+000
6.507852e+002	-1.945875e+000
6.501016e+002	-1.946625e+000
6.494180e+002	-1.947375e+000
6.487344e+002	-1.948500e+000
6.480508e+002	-1.950000e+000
6.473672e+002	-1.951125e+000
6.466836e+002	-1.952625e+000
6.460000e+002	-1.953375e+000
6.453164e+002	-1.954500e+000
6.446328e+002	-1.956375e+000
6.439492e+002	-1.957500e+000
6.432656e+002	-1.957875e+000
6.425820e+002	-1.959000e+000
6.418984e+002	-1.960125e+000
6.412148e+002	-1.961250e+000
6.405312e+002	-1.962750e+000
6.398476e+002	-1.963500e+000
6.391640e+002	-1.964625e+000
6.384804e+002	-1.965750e+000
6.377968e+002	-1.967625e+000
6.371132e+002	-1.968375e+000
6.364296e+002	-1.969500e+000
6.357460e+002	-1.970625e+000
6.350624e+002	-1.971750e+000
6.343788e+002	-1.972875e+000
6.336952e+002	-1.974375e+000
6.330116e+002	-1.975500e+000
6.323280e+002	-1.976250e+000
6.316444e+002	-1.978125e+000
6.309608e+002	-1.978875e+000
6.302772e+002	-1.980375e+000
6.295936e+002	-1.981500e+000
6.289100e+002	-1.982625e+000
6.282264e+002	-1.983375e+000
6.275428e+002	-1.984500e+000
6.268592e+002	-1.986000e+000
6.261756e+002	-1.987125e+000
6.254920e+002	-1.988250e+000
6.248084e+002	-1.989750e+000
6.241248e+002	-1.990125e+000
6.234412e+002	-1.991250e+000
6.227576e+002	-1.992750e+000
6.220740e+002	-1.993875e+000
6.213904e+002	-1.995000e+000
6.207068e+002	-1.995750e+000
6.200232e+002	-1.996875e+000
6.193396e+002	-1.998375e+000
6.186560e+002	-1.999125e+000
6.179724e+002	-2.000625e+000
6.172888e+002	-2.002125e+000
6.166052e+002	-2.002875e+000
6.159216e+002	-2.004000e+000
6.152380e+002	-2.005875e+000
6.145544e+002	-2.006625e+000
6.138708e+002	-2.008125e+000
6.131872e+002	-2.009250e+000
6.125036e+002	-2.010750e+000
6.118200e+002	-2.012250e+000
6.111364e+002	-2.013000e+000
6.104528e+002	-2.014500e+000
6.097692e+002	-2.014875e+000
6.090856e+002	-2.016375e+000
6.084020e+002	-2.017500e+000
6.077184e+002	-2.019000e+000
6.070348e+002	-2.020125e+000
6.063513e+002	-2.021250e+000
6.056677e+002	-2.022000e+000
6.049841e+002	-2.023875e+000
6.043005e+002	-2.024625e+000
6.036169e+002	-2.026125e+000
6.029333e+002	-2.027250e+000
6.022497e+002	-2.028000e+000
6.015661e+002	-2.029875e+000
6.008825e+002	-2.031000e+000
6.001989e+002	-2.032500e+000
5.995153e+002	-2.033625e+000
5.988317e+002	-2.035125e+000
5.981481e+002	-2.036625e+000
5.974645e+002	-2.037750e+000
5.967809e+002	-2.038500e+000
5.960973e+002	-2.040375e+000
5.954137e+002	-2.041125e+000
5.947301e+002	-2.042250e+000
5.940465e+002	-2.044125e+000
5.933629e+002	-2.044875e+000
5.926793e+002	-2.046375e+000
5.919957e+002	-2.047125e+000
5.913121e+002	-2.048625e+000
5.906285e+002	-2.049750e+000
5.899449e+002	-2.051250e+000
5.892613e+002	-2.052375e+000
5.885777e+002	-2.053875e+000
5.878941e+002	-2.054625e+000
5.872105e+002	-2.056125e+000
5.865269e+002	-2.057250e+000
5.858433e+002	-2.058375e+000
5.851597e+002	-2.059125e+000
5.844761e+002	-2.060625e+000
5.837925e+002	-2.062125e+000
5.831089e+002	-2.063250e+000
5.824253e+002	-2.064375e+000
5.817417e+002	-2.065500e+000
5.810581e+002	-2.066625e+000
5.803745e+002	-2.068125e+000
5.796909e+002	-2.069250e+000
5.790073e+002	-2.070750e+000
5.783237e+002	-2.071875e+000
5.776401e+002	-2.073750e+000
5.769565e+002	-2.074875e+000
5.762729e+002	-2.075250e+000
5.755893e+002	-2.077125e+000
5.749057e+002	-2.077875e+000
5.742221e+002	-2.079750e+000
5.735385e+002	-2.081250e+000
5.728549e+002	-2.082000e+000
5.721713e+002	-2.082750e+000
5.714877e+002	-2.083875e+000
5.708041e+002	-2.085375e+000
5.701205e+002	-2.086500e+000
5.694369e+002	-2.088000e+000
5.687533e+002	-2.089125e+000
5.680697e+002	-2.090250e+000
5.673861e+002	-2.091375e+000
5.667025e+002	-2.092875e+000
5.660189e+002	-2.094000e+000
5.653353e+002	-2.094750e+000
5.646517e+002	-2.097000e+000
5.639681e+002	-2.097750e+000
5.632845e+002	-2.098875e+000
5.626009e+002	-2.100375e+000
5.619173e+002	-2.100750e+000
5.612337e+002	-2.102250e+000
5.605501e+002	-2.103750e+000
5.598665e+002	-2.104500e+000
5.591829e+002	-2.106000e+000
5.584993e+002	-2.107500e+000
5.578157e+002	-2.108625e+000
5.571321e+002	-2.110500e+000
5.564485e+002	-2.111625e+000
5.557649e+002	-2.112750e+000
5.550813e+002	-2.113875e+000
5.543977e+002	-2.115375e+000
5.537141e+002	-2.116500e+000
5.530305e+002	-2.117625e+000
5.523469e+002	-2.119125e+000
5.516633e+002	-2.120250e+000
5.509797e+002	-2.121000e+000
5.502961e+002	-2.122500e+000
5.496125e+002	-2.123250e+000
5.489289e+002	-2.125500e+000
5.482453e+002	-2.126250e+000
5.475617e+002	-2.127375e+000
5.468781e+002	-2.128875e+000
5.461945e+002	-2.130375e+000
5.455109e+002	-2.131500e+000
5.448273e+002	-2.132625e+000
5.441437e+002	-2.133750e+000
5.434601e+002	-2.135250e+000
5.427765e+002	-2.136375e+000
5.420929e+002	-2.138250e+000
5.414093e+002	-2.138625e+000
5.407258e+002	-2.139750e+000
5.400422e+002	-2.141250e+000
5.393586e+002	-2.142750e+000
5.386750e+002	-2.143875e+000
5.379914e+002	-2.145000e+000
5.373078e+002	-2.146500e+000
5.366242e+002	-2.147625e+000
5.359406e+002	-2.148750e+000
5.352570e+002	-2.150250e+000
5.345734e+002	-2.151375e+000
5.338898e+002	-2.153250e+000
5.332062e+002	-2.154375e+000
5.325226e+002	-2.155500e+000
5.318390e+002	-2.155875e+000
5.311554e+002	-2.157000e+000
5.304718e+002	-2.159250e+000
5.297882e+002	-2.160000e+000
5.291046e+002	-2.160750e+000
5.284210e+002	-2.162250e+000
5.277374e+002	-2.163000e+000
5.270538e+002	-2.164125e+000
5.263702e+002	-2.165625e+000
5.256866e+002	-2.167125e+000
5.250030e+002	-2.168625e+000
5.243194e+002	-2.169750e+000
5.236358e+002	-2.170875e+000
5.229522e+002	-2.171625e+000
5.222686e+002	-2.173500e+000
5.215850e+002	-2.175000e+000
5.209014e+002	-2.175375e+000
5.202178e+002	-2.177250e+000
5.195342e+002	-2.178375e+000
5.188506e+002	-2.179500e+000
5.181670e+002	-2.180625e+000
5.174834e+002	-2.182125e+000
5.167998e+002	-2.183625e+000
5.161162e+002	-2.184375e+000
5.154326e+002	-2.186250e+000
5.147490e+002	-2.187375e+000
5.140654e+002	-2.188875e+000
5.133818e+002	-2.189625e+000
5.126982e+002	-2.190750e+000
5.120146e+002	-2.191875e+000
5.113310e+002	-2.193750e+000
5.106474e+002	-2.194875e+000
5.099638e+002	-2.196000e+000
5.092802e+002	-2.197125e+000
5.085966e+002	-2.198625e+000
5.079130e+002	-2.200125e+000
5.072294e+002	-2.201250e+000
5.065458e+002	-2.202375e+000
5.058622e+002	-2.203500e+000
5.051786e+002	-2.204625e+000
5.044950e+002	-2.205750e+000
5.038114e+002	-2.206875e+000
5.031278e+002	-2.208750e+000
5.024442e+002	-2.209500e+000
5.017606e+002	-2.211000e+000
5.010770e+002	-2.212500e+000
5.003934e+002	-2.213625e+000
4.997098e+002	-2.215500e+000
4.990262e+002	-2.216250e+000
4.983426e+002	-2.217750e+000
4.976590e+002	-2.219250e+000
4.969754e+002	-2.220000e+000
4.962918e+002	-2.221500e+000
4.956082e+002	-2.222625e+000
4.949246e+002	-2.223750e+000
4.942410e+002	-2.225250e+000
4.935574e+002	-2.226000e+000
4.928738e+002	-2.227500e+000
4.921902e+002	-2.228625e+000
4.915066e+002	-2.229750e+000
4.908230e+002	-2.230875e+000
4.901394e+002	-2.232000e+000
4.894558e+002	-2.233500e+000
4.887722e+002	-2.234625e+000
4.880886e+002	-2.236500e+000
4.874050e+002	-2.238000e+000
4.867214e+002	-2.239125e+000
4.860378e+002	-2.240625e+000
4.853542e+002	-2.241375e+000
4.846706e+002	-2.243250e+000
4.839870e+002	-2.244375e+000
4.833034e+002	-2.245125e+000
4.826198e+002	-2.246625e+000
4.819362e+002	-2.247750e+000
4.812526e+002	-2.248875e+000
4.805690e+002	-2.250375e+000
4.798854e+002	-2.251500e+000
4.792018e+002	-2.252250e+000
4.785182e+002	-2.253750e+000
4.778346e+002	-2.255250e+000
4.771510e+002	-2.256000e+000
4.764674e+002	-2.257875e+000
4.757838e+002	-2.259000e+000
4.751003e+002	-2.260125e+000
4.744167e+002	-2.261250e+000
4.737331e+002	-2.262750e+000
4.730495e+002	-2.264250e+000
4.723659e+002	-2.265000e+000
4.716823e+002	-2.266500e+000
4.709987e+002	-2.267250e+000
4.703151e+002	-2.269125e+000
4.696315e+002	-2.270625e+000
4.689479e+002	-2.272125e+000
4.682643e+002	-2.272875e+000
4.675807e+002	-2.274750e+000
4.668971e+002	-2.275125e+000
4.662135e+002	-2.277375e+000
4.655299e+002	-2.278500e+000
4.648463e+002	-2.279625e+000
4.641627e+002	-2.280750e+000
4.634791e+002	-2.282250e+000
4.627955e+002	-2.283375e+000
4.621119e+002	-2.284125e+000
4.614283e+002	-2.286000e+000
4.607447e+002	-2.287125e+000
4.600611e+002	-2.287875e+000
4.593775e+002	-2.289750e+000
4.586939e+002	-2.291250e+000
4.580103e+002	-2.292375e+000
4.573267e+002	-2.293500e+000
4.566431e+002	-2.295000e+000
4.559595e+002	-2.296875e+000
4.552759e+002	-2.297250e+000
4.545923e+002	-2.299125e+000
4.539087e+002	-2.299500e+000
4.532251e+002	-2.301000e+000
4.525415e+002	-2.302125e+000
4.518579e+002	-2.303625e+000
4.511743e+002	-2.305125e+000
4.504907e+002	-2.305875e+000
4.498071e+002	-2.307375e+000
4.491235e+002	-2.308500e+000
4.484399e+002	-2.310375e+000
4.477563e+002	-2.311125e+000
4.470727e+002	-2.313000e+000
4.463891e+002	-2.313750e+000
4.457055e+002	-2.315250e+000
4.450219e+002	-2.316750e+000
4.443383e+002	-2.318250e+000
4.436547e+002	-2.319000e+000
4.429711e+002	-2.320125e+000
4.422875e+002	-2.321625e+000
4.416039e+002	-2.322750e+000
4.409203e+002	-2.324250e+000
4.402367e+002	-2.325375e+000
4.395531e+002	-2.327250e+000
4.388695e+002	-2.328000e+000
4.381859e+002	-2.329125e+000
4.375023e+002	-2.330250e+000
4.368187e+002	-2.331375e+000
4.361351e+002	-2.333625e+000
4.354515e+002	-2.334000e+000
4.347679e+002	-2.335500e+000
4.340843e+002	-2.337000e+000
4.334007e+002	-2.337750e+000
4.327171e+002	-2.338875e+000
4.320335e+002	-2.340750e+000
4.313499e+002	-2.341875e+000
4.306663e+002	-2.343000e+000
4.299827e+002	-2.344125e+000
4.292991e+002	-2.345625e+000
4.286155e+002	-2.346375e+000
4.279319e+002	-2.347875e+000
4.272483e+002	-2.349000e+000
4.265647e+002	-2.350875e+000
4.258811e+002	-2.351625e+000
4.251975e+002	-2.352750e+000
4.245139e+002	-2.354625e+000
4.238303e+002	-2.356125e+000
4.231467e+002	-2.356875e+000
4.224631e+002	-2.358375e+000
4.217795e+002	-2.359500e+000
4.210959e+002	-2.360625e+000
4.204123e+002	-2.361750e+000
4.197287e+002	-2.363625e+000
4.190451e+002	-2.364750e+000
4.183615e+002	-2.365875e+000
4.176779e+002	-2.367375e+000
4.169943e+002	-2.368500e+000
4.163107e+002	-2.369625e+000
4.156271e+002	-2.371125e+000
4.149435e+002	-2.371875e+000
4.142599e+002	-2.373750e+000
4.135763e+002	-2.374500e+000
4.128927e+002	-2.376000e+000
4.122091e+002	-2.377125e+000
4.115255e+002	-2.378250e+000
4.108419e+002	-2.379750e+000
4.101583e+002	-2.380875e+000
4.094748e+002	-2.382375e+000
4.087912e+002	-2.383125e+000
4.081076e+002	-2.384625e+000
4.074240e+002	-2.386125e+000
4.067404e+002	-2.388000e+000
4.060568e+002	-2.388750e+000
4.053732e+002	-2.389500e+000
4.046896e+002	-2.391000e+000
4.040060e+002	-2.392125e+000
4.033224e+002	-2.394000e+000
4.026388e+002	-2.395125e+000
4.019552e+002	-2.396625e+000
4.012716e+002	-2.397375e+000
4.005880e+002	-2.398125e+000
3.999044e+002	-2.400000e+000
3.992208e+002	-2.401500e+000
3.985372e+002	-2.401875e+000
3.978536e+002	-2.403375e+000
3.971700e+002	-2.404875e+000
3.964864e+002	-2.406000e+000
3.958028e+002	-2.407875e+000
3.951192e+002	-2.408250e+000
3.944356e+002	-2.410125e+000
3.937520e+002	-2.411250e+000
3.930684e+002	-2.412750e+000
3.923848e+002	-2.413500e+000
3.917012e+002	-2.415000e+000
3.910176e+002	-2.416500e+000
3.903340e+002	-2.417625e+000
3.896504e+002	-2.419125e+000
3.889668e+002	-2.419875e+000
3.882832e+002	-2.421750e+000
3.875996e+002	-2.422875e+000
3.869160e+002	-2.424000e+000
3.862324e+002	-2.424750e+000
3.855488e+002	-2.427000e+000
3.848652e+002	-2.427375e+000
3.841816e+002	-2.428875e+000
3.834980e+002	-2.430000e+000
3.828144e+002	-2.431875e+000
3.821308e+002	-2.432250e+000
3.814472e+002	-2.433750e+000
3.807636e+002	-2.435250e+000
3.800800e+002	-2.436375e+000
3.793964e+002	-2.437500e+000
3.787128e+002	-2.439000e+000
3.780292e+002	-2.440125e+000
3.773456e+002	-2.441250e+000
3.766620e+002	-2.442750e+000
3.759784e+002	-2.443875e+000
3.752948e+002	-2.445000e+000
3.746112e+002	-2.446125e+000
3.739276e+002	-2.447625e+000
3.732440e+002	-2.448750e+000
3.725604e+002	-2.450250e+000
3.718768e+002	-2.451375e+000
3.711932e+002	-2.452875e+000
3.705096e+002	-2.453625e+000
3.698260e+002	-2.455125e+000
3.691424e+002	-2.456625e+000
3.684588e+002	-2.457000e+000
3.677752e+002	-2.458500e+000
3.670916e+002	-2.460375e+000
3.664080e+002	-2.461500e+000
3.657244e+002	-2.462250e+000
3.650408e+002	-2.464125e+000
3.643572e+002	-2.465250e+000
3.636736e+002	-2.466000e+000
3.629900e+002	-2.467500e+000
3.623064e+002	-2.469000e+000
3.616228e+002	-2.470125e+000
3.609392e+002	-2.471250e+000
3.602556e+002	-2.472750e+000
3.595720e+002	-2.474250e+000
3.588884e+002	-2.475750e+000
3.582048e+002	-2.476500e+000
3.575212e+002	-2.478000e+000
3.568376e+002	-2.479125e+000
3.561540e+002	-2.479875e+000
3.554704e+002	-2.481750e+000
3.547868e+002	-2.482875e+000
3.541032e+002	-2.483250e+000
3.534196e+002	-2.485125e+000
3.527360e+002	-2.486250e+000
3.520524e+002	-2.487375e+000
3.513688e+002	-2.488875e+000
3.506852e+002	-2.489625e+000
3.500016e+002	-2.490750e+000
3.493180e+002	-2.491875e+000
3.486344e+002	-2.493750e+000
3.479508e+002	-2.494500e+000
3.472672e+002	-2.495625e+000
3.465836e+002	-2.497500e+000
3.459000e+002	-2.497875e+000
3.452164e+002	-2.499375e+000
3.445329e+002	-2.500875e+000
3.438493e+002	-2.502000e+000
3.431657e+002	-2.503500e+000
3.424821e+002	-2.505000e+000
3.417985e+002	-2.505750e+000
3.411149e+002	-2.506875e+000
3.404313e+002	-2.508000e+000
3.397477e+002	-2.509500e+000
3.390641e+002	-2.510625e+000
3.383805e+002	-2.512125e+000
3.376969e+002	-2.512875e+000
3.370133e+002	-2.514000e+000
3.363297e+002	-2.515500e+000
3.356461e+002	-2.516625e+000
3.349625e+002	-2.517750e+000
3.342789e+002	-2.518875e+000
3.335953e+002	-2.520000e+000
3.329117e+002	-2.521875e+000
3.322281e+002	-2.522625e+000
3.315445e+002	-2.523750e+000
3.308609e+002	-2.524875e+000
3.301773e+002	-2.526000e+000
3.294937e+002	-2.527875e+000
3.288101e+002	-2.528625e+000
3.281265e+002	-2.529750e+000
3.274429e+002	-2.530875e+000
3.267593e+002	-2.532375e+000
3.260757e+002	-2.533125e+000
3.253921e+002	-2.534625e+000
3.247085e+002	-2.536125e+000
3.240249e+002	-2.536500e+000
3.233413e+002	-2.538000e+000
3.226577e+002	-2.539125e+000
3.219741e+002	-2.540625e+000
3.212905e+002	-2.541000e+000
3.206069e+002	-2.542875e+000
3.199233e+002	-2.544000e+000
3.192397e+002	-2.545125e+000
3.185561e+002	-2.545875e+000
3.178725e+002	-2.547375e+000
3.171889e+002	-2.548125e+000
3.165053e+002	-2.550000e+000
3.158217e+002	-2.551125e+000
3.151381e+002	-2.551875e+000
3.144545e+002	-2.553750e+000
3.137709e+002	-2.554875e+000
3.130873e+002	-2.556000e+000
3.124037e+002	-2.556750e+000
3.117201e+002	-2.558250e+000
3.110365e+002	-2.559000e+000
3.103529e+002	-2.560500e+000
3.096693e+002	-2.561625e+000
3.089857e+002	-2.562000e+000
3.083021e+002	-2.563875e+000
3.076185e+002	-2.564625e+000
3.069349e+002	-2.566500e+000
3.062513e+002	-2.567625e+000
3.055677e+002	-2.568375e+000
3.048841e+002	-2.569875e+000
3.042005e+002	-2.570250e+000
3.035169e+002	-2.571375e+000
3.028333e+002	-2.572875e+000
3.021497e+002	-2.574000e+000
3.014661e+002	-2.575500e+000
3.007825e+002	-2.576250e+000
3.000989e+002	-2.577375e+000
2.994153e+002	-2.579250e+000
2.987317e+002	-2.580000e+000
2.980481e+002	-2.581500e+000
2.973645e+002	-2.582250e+000
2.966809e+002	-2.584125e+000
2.959973e+002	-2.584875e+000
2.953137e+002	-2.585625e+000
2.946301e+002	-2.587125e+000
2.939465e+002	-2.587500e+000
2.932629e+002	-2.589375e+000
2.925793e+002	-2.590125e+000
2.918957e+002	-2.591625e+000
2.912121e+002	-2.592375e+000
2.905285e+002	-2.593125e+000
2.898449e+002	-2.595000e+000
2.891613e+002	-2.596125e+000
2.884777e+002	-2.596875e+000
2.877941e+002	-2.598000e+000
2.871105e+002	-2.599500e+000
2.864269e+002	-2.600250e+000
2.857433e+002	-2.601375e+000
2.850597e+002	-2.602125e+000
2.843761e+002	-2.603625e+000
2.836925e+002	-2.604750e+000
2.830089e+002	-2.605875e+000
2.823253e+002	-2.607000e+000
2.816417e+002	-2.607750e+000
2.809581e+002	-2.608875e+000
2.802745e+002	-2.609625e+000
2.795909e+002	-2.610750e+000
2.789074e+002	-2.612625e+000
2.782238e+002	-2.613750e+000
2.775402e+002	-2.614125e+000
2.768566e+002	-2.615250e+000
2.761730e+002	-2.616375e+000
2.754894e+002	-2.616750e+000
2.748058e+002	-2.618250e+000
2.741222e+002	-2.619750e+000
2.734386e+002	-2.620500e+000
2.727550e+002	-2.622000e+000
2.720714e+002	-2.622375e+000
2.713878e+002	-2.623125e+000
2.707042e+002	-2.624250e+000
2.700206e+002	-2.626500e+000
2.693370e+002	-2.626875e+000
2.686534e+002	-2.628375e+000
2.679698e+002	-2.628375e+000
2.672862e+002	-2.629875e+000
2.666026e+002	-2.632125e+000
2.659190e+002	-2.632500e+000
2.652354e+002	-2.633250e+000
2.645518e+002	-2.634375e+000
2.638682e+002	-2.635875e+000
2.631846e+002	-2.636625e+000
2.625010e+002	-2.637750e+000
2.618174e+002	-2.638875e+000
2.611338e+002	-2.640000e+000
2.604502e+002	-2.641125e+000
2.597666e+002	-2.641875e+000
2.590830e+002	-2.643000e+000
2.583994e+002	-2.644125e+000
2.577158e+002	-2.645250e+000
2.570322e+002	-2.646000e+000
2.563486e+002	-2.646750e+000
2.556650e+002	-2.647875e+000
2.549814e+002	-2.648625e+000
2.542978e+002	-2.649375e+000
2.536142e+002	-2.650875e+000
2.529306e+002	-2.651250e+000
2.522470e+002	-2.652750e+000
2.515634e+002	-2.653875e+000
2.508798e+002	-2.654625e+000
2.501962e+002	-2.655750e+000
2.495126e+002	-2.656500e+000
2.488290e+002	-2.657250e+000
2.481454e+002	-2.658375e+000
2.474618e+002	-2.659125e+000
2.467782e+002	-2.660250e+000
2.460946e+002	-2.661000e+000
2.454110e+002	-2.661750e+000
2.447274e+002	-2.662875e+000
2.440438e+002	-2.663625e+000
2.433602e+002	-2.664375e+000
2.426766e+002	-2.664750e+000
2.419930e+002	-2.665500e+000
2.413094e+002	-2.666625e+000
2.406258e+002	-2.667000e+000
2.399422e+002	-2.667750e+000
2.392586e+002	-2.669625e+000
2.385750e+002	-2.670375e+000
2.378914e+002	-2.670750e+000
2.372078e+002	-2.671875e+000
2.365242e+002	-2.671875e+000
2.358406e+002	-2.672625e+000
2.351570e+002	-2.673375e+000
2.344734e+002	-2.674875e+000
2.337898e+002	-2.676000e+000
2.331062e+002	-2.676375e+000
2.324226e+002	-2.677125e+000
2.317390e+002	-2.678625e+000
2.310554e+002	-2.678625e+000
2.303718e+002	-2.679750e+000
2.296882e+002	-2.680500e+000
2.290046e+002	-2.681625e+000
2.283210e+002	-2.683125e+000
2.276374e+002	-2.683875e+000
2.269538e+002	-2.684625e+000
2.262702e+002	-2.685375e+000
2.255866e+002	-2.686875e+000
2.249030e+002	-2.687625e+000
2.242194e+002	-2.688375e+000
2.235358e+002	-2.689875e+000
2.228522e+002	-2.690625e+000
2.221686e+002	-2.691375e+000
2.214850e+002	-2.692875e+000
2.208014e+002	-2.693250e+000
2.201178e+002	-2.694375e+000
2.194342e+002	-2.694750e+000
2.187506e+002	-2.695125e+000
2.180670e+002	-2.695500e+000
2.173834e+002	-2.695875e+000
2.166998e+002	-2.695875e+000
2.160162e+002	-2.697375e+000
2.153326e+002	-2.697375e+000
2.146490e+002	-2.698500e+000
2.139654e+002	-2.698125e+000
2.132819e+002	-2.699250e+000
2.125983e+002	-2.700000e+000
2.119147e+002	-2.700750e+000
2.112311e+002	-2.700750e+000
2.105475e+002	-2.700000e+000
2.098639e+002	-2.700750e+000
2.091803e+002	-2.701500e+000
2.084967e+002	-2.702250e+000
2.078131e+002	-2.703750e+000
2.071295e+002	-2.704125e+000
2.064459e+002	-2.704875e+000
2.057623e+002	-2.706000e+000
2.050787e+002	-2.706000e+000
2.043951e+002	-2.706750e+000
2.037115e+002	-2.707125e+000
2.030279e+002	-2.707500e+000
2.023443e+002	-2.707500e+000
2.016607e+002	-2.708625e+000
2.009771e+002	-2.709000e+000
2.002935e+002	-2.709375e+000
1.996099e+002	-2.710875e+000
1.989263e+002	-2.711625e+000
1.982427e+002	-2.711625e+000
1.975591e+002	-2.712000e+000
1.968755e+002	-2.712750e+000
1.961919e+002	-2.713500e+000
1.955083e+002	-2.713875e+000
1.948247e+002	-2.714625e+000
1.941411e+002	-2.713500e+000
1.934575e+002	-2.714250e+000
1.927739e+002	-2.714250e+000
1.920903e+002	-2.714250e+000
1.914067e+002	-2.710125e+000
1.907231e+002	-2.706375e+000
1.900395e+002	-2.704125e+000
1.893559e+002	-2.702250e+000
1.886723e+002	-2.698875e+000
1.879887e+002	-2.698500e+000
1.873051e+002	-2.695875e+000
1.866215e+002	-2.685750e+000
1.859379e+002	-2.648625e+000
1.852543e+002	-2.620875e+000
1.845707e+002	-2.597625e+000
1.838871e+002	-2.590500e+000
1.832035e+002	-2.582625e+000
1.825199e+002	-2.565375e+000
1.818363e+002	-2.548875e+000
1.811527e+002	-2.539875e+000
1.804691e+002	-2.530125e+000
1.797855e+002	-2.523750e+000
1.791019e+002	-2.514375e+000
1.784183e+002	-2.510250e+000
1.777347e+002	-2.508750e+000
1.770511e+002	-2.507250e+000
1.763675e+002	-2.502750e+000
1.756839e+002	-2.501250e+000
1.750003e+002	-2.498250e+000
1.743167e+002	-2.494875e+000
1.736331e+002	-2.493750e+000
1.729495e+002	-2.492250e+000
1.722659e+002	-2.487000e+000
1.715823e+002	-2.485125e+000
1.708987e+002	-2.484375e+000
1.702151e+002	-2.484750e+000
1.695315e+002	-2.483625e+000
1.688479e+002	-2.482125e+000
1.681643e+002	-2.482125e+000
1.674807e+002	-2.481000e+000
1.667971e+002	-2.478750e+000
1.661135e+002	-2.477250e+000
1.654299e+002	-2.475750e+000
1.647463e+002	-2.474625e+000
1.640627e+002	-2.472750e+000
1.633791e+002	-2.470500e+000
1.626955e+002	-2.469750e+000
1.620119e+002	-2.468625e+000
1.613283e+002	-2.467500e+000
1.606447e+002	-2.466375e+000
1.599611e+002	-2.465250e+000
1.592775e+002	-2.462625e+000
1.585939e+002	-2.460750e+000
1.579103e+002	-2.460000e+000
1.572267e+002	-2.459250e+000
1.565431e+002	-2.459250e+000
1.558595e+002	-2.458500e+000
1.551759e+002	-2.458500e+000
1.544923e+002	-2.458125e+000
1.538087e+002	-2.457750e+000
1.531251e+002	-2.457000e+000
1.524415e+002	-2.457000e+000
1.517579e+002	-2.456625e+000
1.510743e+002	-2.456625e+000
1.503907e+002	-2.455875e+000
1.497071e+002	-2.455500e+000
1.490235e+002	-2.455125e+000
1.483400e+002	-2.455125e+000
1.476564e+002	-2.453250e+000
1.469728e+002	-2.452125e+000
1.462892e+002	-2.451750e+000
1.456056e+002	-2.450625e+000
1.449220e+002	-2.449125e+000
1.442384e+002	-2.448000e+000
1.435548e+002	-2.448000e+000
1.428712e+002	-2.448000e+000
1.421876e+002	-2.447250e+000
1.415040e+002	-2.446875e+000
1.408204e+002	-2.444625e+000
1.401368e+002	-2.443875e+000
1.394532e+002	-2.443500e+000
1.387696e+002	-2.443125e+000
1.380860e+002	-2.442375e+000
1.374024e+002	-2.442000e+000
1.367188e+002	-2.440875e+000
1.360352e+002	-2.439375e+000
1.353516e+002	-2.439375e+000
1.346680e+002	-2.438250e+000
1.339844e+002	-2.438250e+000
1.333008e+002	-2.437875e+000
1.326172e+002	-2.437875e+000
1.319336e+002	-2.437500e+000
1.312500e+002	-2.436750e+000
1.305664e+002	-2.436375e+000
1.298828e+002	-2.436375e+000
1.291992e+002	-2.436000e+000
1.285156e+002	-2.435625e+000
1.278320e+002	-2.435250e+000
1.271484e+002	-2.434875e+000
1.264648e+002	-2.435250e+000
1.257812e+002	-2.434125e+000
1.250976e+002	-2.433750e+000
1.244140e+002	-2.433375e+000
1.237304e+002	-2.433375e+000
1.230468e+002	-2.433375e+000
1.223632e+002	-2.431875e+000
1.216796e+002	-2.433000e+000
1.209960e+002	-2.432250e+000
1.203124e+002	-2.431875e+000
1.196288e+002	-2.431875e+000
1.189452e+002	-2.431125e+000
1.182616e+002	-2.431500e+000
1.175780e+002	-2.430750e+000
1.168944e+002	-2.431125e+000
1.162108e+002	-2.430375e+000
1.155272e+002	-2.429625e+000
1.148437e+002	-2.429250e+000
1.141601e+002	-2.428875e+000
1.134765e+002	-2.428875e+000
1.127929e+002	-2.428125e+000
1.121093e+002	-2.427750e+000
1.114257e+002	-2.427750e+000
1.107421e+002	-2.427375e+000
1.100585e+002	-2.426625e+000
1.093749e+002	-2.426625e+000
1.086913e+002	-2.426250e+000
1.080077e+002	-2.425125e+000
1.073241e+002	-2.425125e+000
1.066405e+002	-2.425500e+000
1.059570e+002	-2.425125e+000
1.052734e+002	-2.424375e+000
1.045898e+002	-2.424000e+000
1.039062e+002	-2.423625e+000
1.032226e+002	-2.423625e+000
1.025390e+002	-2.423625e+000
1.018554e+002	-2.423250e+000
1.011718e+002	-2.423250e+000
1.004882e+002	-2.422875e+000
9.980463e+001	-2.422500e+000
9.912104e+001	-2.422875e+000
9.843745e+001	-2.422125e+000
9.775385e+001	-2.421375e+000
9.707026e+001	-2.420625e+000
9.638667e+001	-2.420250e+000
9.570308e+001	-2.419125e+000
9.501949e+001	-2.419500e+000
9.433590e+001	-2.419500e+000
9.365230e+001	-2.419125e+000
9.296871e+001	-2.418750e+000
9.228512e+001	-2.418375e+000
9.160153e+001	-2.418375e+000
9.091794e+001	-2.418375e+000
9.023434e+001	-2.418000e+000
8.955075e+001	-2.417625e+000
8.886716e+001	-2.416875e+000
8.818357e+001	-2.417250e+000
8.749998e+001	-2.416875e+000
8.681639e+001	-2.416125e+000
8.613279e+001	-2.416125e+000
8.544920e+001	-2.415750e+000
8.476561e+001	-2.414625e+000
8.408202e+001	-2.414625e+000
8.339843e+001	-2.415000e+000
8.271483e+001	-2.413875e+000
8.203124e+001	-2.414250e+000
8.134765e+001	-2.413875e+000
8.066406e+001	-2.414250e+000
7.998047e+001	-2.413500e+000
7.929687e+001	-2.413125e+000
7.861328e+001	-2.412750e+000
7.792969e+001	-2.412375e+000
7.724610e+001	-2.411625e+000
7.656251e+001	-2.411250e+000
7.587892e+001	-2.410875e+000
7.519532e+001	-2.409750e+000
7.451173e+001	-2.407125e+000
7.382814e+001	-2.402625e+000
7.314455e+001	-2.402625e+000
7.246096e+001	-2.401500e+000
7.177736e+001	-2.402625e+000
7.109377e+001	-2.401500e+000
7.041018e+001	-2.401500e+000
6.972659e+001	-2.401500e+000
6.904300e+001	-2.400375e+000
6.835941e+001	-2.401125e+000
6.767581e+001	-2.400750e+000
6.699222e+001	-2.400750e+000
6.630863e+001	-2.400000e+000
6.562504e+001	-2.395500e+000
6.494145e+001	-2.393250e+000
6.425785e+001	-2.393250e+000
6.357426e+001	-2.393250e+000
6.289067e+001	-2.392875e+000
6.220708e+001	-2.393250e+000
6.152349e+001	-2.392875e+000
6.083989e+001	-2.392875e+000
6.015630e+001	-2.393250e+000
5.947271e+001	-2.392500e+000
5.878911e+001	-2.390250e+000
5.810552e+001	-2.389875e+000
5.742192e+001	-2.389500e+000
5.673833e+001	-2.389875e+000
5.605473e+001	-2.389500e+000
5.537114e+001	-2.388750e+000
5.468754e+001	-2.389125e+000
5.400394e+001	-2.388375e+000
5.332035e+001	-2.389125e+000
5.263675e+001	-2.388375e+000
5.195316e+001	-2.388000e+000
5.126956e+001	-2.388375e+000
5.058597e+001	-2.388000e+000
4.990237e+001	-2.388000e+000
4.921878e+001	-2.387250e+000
4.853518e+001	-2.387625e+000
4.785159e+001	-2.386875e+000
4.716799e+001	-2.386500e+000
4.648439e+001	-2.386125e+000
4.580080e+001	-2.385000e+000
4.511720e+001	-2.385375e+000
4.443361e+001	-2.385375e+000
4.375001e+001	-2.384625e+000
4.306642e+001	-2.385000e+000
4.238282e+001	-2.384250e+000
4.169923e+001	-2.384250e+000
4.101563e+001	-2.383875e+000
4.033204e+001	-2.384250e+000
3.964844e+001	-2.383875e+000
3.896485e+001	-2.383875e+000
3.828125e+001	-2.384250e+000
3.759765e+001	-2.384250e+000
3.691406e+001	-2.383500e+000
3.623046e+001	-2.384250e+000
3.554687e+001	-2.384250e+000
3.486327e+001	-2.383875e+000
3.417968e+001	-2.383875e+000
3.349608e+001	-2.383500e+000
3.281249e+001	-2.383875e+000
3.212889e+001	-2.384250e+000
3.144530e+001	-2.383500e+000
3.076170e+001	-2.383125e+000
3.007811e+001	-2.383125e+000
2.939451e+001	-2.382750e+000
2.871092e+001	-2.382750e+000
2.802732e+001	-2.382375e+000
2.734373e+001	-2.382375e+000
2.666014e+001	-2.382375e+000
2.597654e+001	-2.382750e+000
2.529295e+001	-2.382375e+000
2.460936e+001	-2.382375e+000
2.392576e+001	-2.382000e+000
2.324217e+001	-2.382375e+000
2.255858e+001	-2.382000e+000
2.187498e+001	-2.382000e+000
2.119139e+001	-2.382000e+000
2.050779e+001	-2.382000e+000
1.982420e+001	-2.382000e+000
1.914061e+001	-2.381625e+000
1.845701e+001	-2.381250e+000
1.777342e+001	-2.381625e+000
1.708983e+001	-2.381625e+000
1.640623e+001	-2.381625e+000
1.572264e+001	-2.381625e+000
1.503905e+001	-2.380875e+000
1.435545e+001	-2.381250e+000
1.367186e+001	-2.381625e+000
1.298826e+001	-2.380875e+000
1.230467e+001	-2.380875e+000
1.162108e+001	-2.381250e+000
1.093748e+001	-2.380875e+000
1.025389e+001	-2.381250e+000
9.570297e+000	-2.381250e+000
8.886703e+000	-2.380875e+000
8.203109e+000	-2.380125e+000
7.519516e+000	-2.380875e+000
6.835922e+000	-2.380500e+000
6.152328e+000	-2.380500e+000
5.468735e+000	-2.380500e+000
4.785141e+000	-2.380125e+000
4.101548e+000	-2.380125e+000
3.417954e+000	-2.380500e+000
2.734360e+000	-2.380125e+000
2.050767e+000	-2.380125e+000
1.367173e+000	-2.380125e+000
6.835792e-001	-2.379750e+000
-1.454392e-005	-2.379750e+000
-6.836083e-001	-2.379750e+000
-1.367202e+000	-2.379750e+000
-2.050796e+000	-2.379375e+000
-2.734390e+000	-2.380125e+000
-3.417983e+000	-2.379750e+000
-4.101577e+000	-2.379375e+000
-4.785170e+000	-2.379375e+000
-5.468764e+000	-2.379000e+000
-6.152358e+000	-2.379000e+000
