    µm         	 V
1.000005e+000	-1.274250e+000
9.990284e-001	-1.276125e+000
9.980519e-001	-1.277250e+000
9.970753e-001	-1.278000e+000
9.960987e-001	-1.279500e+000
9.951222e-001	-1.279875e+000
9.941456e-001	-1.280625e+000
9.931690e-001	-1.281375e+000
9.921924e-001	-1.283250e+000
9.912159e-001	-1.283625e+000
9.902393e-001	-1.284750e+000
9.892627e-001	-1.285125e+000
9.882862e-001	-1.286250e+000
9.873096e-001	-1.287375e+000
9.863330e-001	-1.288500e+000
9.853565e-001	-1.289625e+000
9.843799e-001	-1.290000e+000
9.834033e-001	-1.291125e+000
9.824267e-001	-1.291875e+000
9.814502e-001	-1.293000e+000
9.804736e-001	-1.294500e+000
9.794970e-001	-1.294875e+000
9.785205e-001	-1.296000e+000
9.775439e-001	-1.296750e+000
9.765673e-001	-1.297875e+000
9.755908e-001	-1.299000e+000
9.746142e-001	-1.299375e+000
9.736376e-001	-1.300875e+000
9.726610e-001	-1.301625e+000
9.716845e-001	-1.302000e+000
9.707079e-001	-1.303125e+000
9.697313e-001	-1.304625e+000
9.687548e-001	-1.305375e+000
9.677782e-001	-1.306125e+000
9.668016e-001	-1.307625e+000
9.658251e-001	-1.308000e+000
9.648485e-001	-1.308750e+000
9.638719e-001	-1.310250e+000
9.628953e-001	-1.311000e+000
9.619188e-001	-1.311750e+000
9.609422e-001	-1.312500e+000
9.599656e-001	-1.313625e+000
9.589891e-001	-1.314750e+000
9.580125e-001	-1.315500e+000
9.570359e-001	-1.316625e+000
9.560594e-001	-1.317375e+000
9.550828e-001	-1.318500e+000
9.541062e-001	-1.319250e+000
9.531296e-001	-1.320000e+000
9.521531e-001	-1.321500e+000
9.511765e-001	-1.321875e+000
9.501999e-001	-1.323375e+000
9.492234e-001	-1.323750e+000
9.482468e-001	-1.324875e+000
9.472702e-001	-1.325625e+000
9.462937e-001	-1.326750e+000
9.453171e-001	-1.327875e+000
9.443405e-001	-1.328625e+000
9.433639e-001	-1.329750e+000
9.423874e-001	-1.330125e+000
9.414108e-001	-1.331250e+000
9.404342e-001	-1.332375e+000
9.394577e-001	-1.333875e+000
9.384811e-001	-1.335000e+000
9.375045e-001	-1.335000e+000
9.365280e-001	-1.336125e+000
9.355514e-001	-1.336875e+000
9.345748e-001	-1.338000e+000
9.335982e-001	-1.339125e+000
9.326217e-001	-1.340250e+000
9.316451e-001	-1.340250e+000
9.306685e-001	-1.341750e+000
9.296920e-001	-1.342500e+000
9.287154e-001	-1.344000e+000
9.277388e-001	-1.344750e+000
9.267623e-001	-1.345500e+000
9.257857e-001	-1.346250e+000
9.248091e-001	-1.347375e+000
9.238325e-001	-1.348125e+000
9.228560e-001	-1.349625e+000
9.218794e-001	-1.350000e+000
9.209028e-001	-1.351125e+000
9.199263e-001	-1.352250e+000
9.189497e-001	-1.353375e+000
9.179731e-001	-1.354125e+000
9.169966e-001	-1.355625e+000
9.160200e-001	-1.355625e+000
9.150434e-001	-1.357125e+000
9.140668e-001	-1.357875e+000
9.130903e-001	-1.359000e+000
9.121137e-001	-1.359750e+000
9.111371e-001	-1.360500e+000
9.101606e-001	-1.361625e+000
9.091840e-001	-1.362750e+000
9.082074e-001	-1.363500e+000
9.072309e-001	-1.364625e+000
9.062543e-001	-1.365750e+000
9.052777e-001	-1.366500e+000
9.043011e-001	-1.367625e+000
9.033246e-001	-1.368000e+000
9.023480e-001	-1.369125e+000
9.013714e-001	-1.370625e+000
9.003949e-001	-1.371000e+000
8.994183e-001	-1.372125e+000
8.984417e-001	-1.372875e+000
8.974652e-001	-1.374000e+000
8.964886e-001	-1.374750e+000
8.955120e-001	-1.375875e+000
8.945354e-001	-1.376625e+000
8.935589e-001	-1.378125e+000
8.925823e-001	-1.378875e+000
8.916057e-001	-1.380000e+000
8.906292e-001	-1.380750e+000
8.896526e-001	-1.381500e+000
8.886760e-001	-1.382250e+000
8.876995e-001	-1.383750e+000
8.867229e-001	-1.384125e+000
8.857463e-001	-1.385250e+000
8.847697e-001	-1.386375e+000
8.837932e-001	-1.387125e+000
8.828166e-001	-1.388250e+000
8.818400e-001	-1.389000e+000
8.808635e-001	-1.390125e+000
8.798869e-001	-1.391250e+000
8.789103e-001	-1.392000e+000
8.779338e-001	-1.392750e+000
8.769572e-001	-1.393500e+000
8.759806e-001	-1.394625e+000
8.750040e-001	-1.395750e+000
8.740275e-001	-1.396500e+000
8.730509e-001	-1.397625e+000
8.720743e-001	-1.398750e+000
8.710978e-001	-1.399500e+000
8.701212e-001	-1.400625e+000
8.691446e-001	-1.401375e+000
8.681681e-001	-1.402125e+000
8.671915e-001	-1.402875e+000
8.662149e-001	-1.404000e+000
8.652383e-001	-1.405125e+000
8.642618e-001	-1.406250e+000
8.632852e-001	-1.407375e+000
8.623086e-001	-1.407750e+000
8.613321e-001	-1.408500e+000
8.603555e-001	-1.409625e+000
8.593789e-001	-1.411125e+000
8.584024e-001	-1.411500e+000
8.574258e-001	-1.413000e+000
8.564492e-001	-1.413750e+000
8.554726e-001	-1.414125e+000
8.544961e-001	-1.415250e+000
8.535195e-001	-1.416750e+000
8.525429e-001	-1.417875e+000
8.515664e-001	-1.418250e+000
8.505898e-001	-1.419000e+000
8.496132e-001	-1.420125e+000
8.486367e-001	-1.421250e+000
8.476601e-001	-1.421625e+000
8.466835e-001	-1.422750e+000
8.457069e-001	-1.423875e+000
8.447304e-001	-1.425000e+000
8.437538e-001	-1.425375e+000
8.427772e-001	-1.426875e+000
8.418007e-001	-1.428000e+000
8.408241e-001	-1.428375e+000
8.398475e-001	-1.429875e+000
8.388710e-001	-1.431000e+000
8.378944e-001	-1.431750e+000
8.369178e-001	-1.432500e+000
8.359413e-001	-1.433250e+000
8.349647e-001	-1.434375e+000
8.339881e-001	-1.435125e+000
8.330115e-001	-1.435875e+000
8.320350e-001	-1.437375e+000
8.310584e-001	-1.438125e+000
8.300818e-001	-1.438875e+000
8.291053e-001	-1.439625e+000
8.281287e-001	-1.440750e+000
8.271521e-001	-1.441875e+000
8.261756e-001	-1.442625e+000
8.251990e-001	-1.443000e+000
8.242224e-001	-1.444500e+000
8.232458e-001	-1.445625e+000
8.222693e-001	-1.446000e+000
8.212927e-001	-1.447500e+000
8.203161e-001	-1.448625e+000
8.193396e-001	-1.449375e+000
8.183630e-001	-1.450125e+000
8.173864e-001	-1.451250e+000
8.164099e-001	-1.452000e+000
8.154333e-001	-1.453125e+000
8.144567e-001	-1.453500e+000
8.134801e-001	-1.454625e+000
8.125036e-001	-1.455750e+000
8.115270e-001	-1.456500e+000
8.105504e-001	-1.456875e+000
8.095739e-001	-1.458750e+000
8.085973e-001	-1.459125e+000
8.076207e-001	-1.460250e+000
8.066442e-001	-1.461375e+000
8.056676e-001	-1.462125e+000
8.046910e-001	-1.462875e+000
8.037144e-001	-1.464000e+000
8.027379e-001	-1.465125e+000
8.017613e-001	-1.466250e+000
8.007847e-001	-1.467000e+000
7.998082e-001	-1.467750e+000
7.988316e-001	-1.468500e+000
7.978550e-001	-1.470375e+000
7.968785e-001	-1.470750e+000
7.959019e-001	-1.471500e+000
7.949253e-001	-1.472250e+000
7.939487e-001	-1.473750e+000
7.929722e-001	-1.474125e+000
7.919956e-001	-1.475250e+000
7.910190e-001	-1.476375e+000
7.900425e-001	-1.477125e+000
7.890659e-001	-1.478250e+000
7.880893e-001	-1.479375e+000
7.871128e-001	-1.480125e+000
7.861362e-001	-1.481250e+000
7.851596e-001	-1.481625e+000
7.841830e-001	-1.482750e+000
7.832065e-001	-1.483500e+000
7.822299e-001	-1.485000e+000
7.812533e-001	-1.485750e+000
7.802768e-001	-1.487250e+000
7.793002e-001	-1.487625e+000
7.783236e-001	-1.488000e+000
7.773471e-001	-1.489500e+000
7.763705e-001	-1.489875e+000
7.753939e-001	-1.491000e+000
7.744173e-001	-1.492125e+000
7.734408e-001	-1.492500e+000
7.724642e-001	-1.493250e+000
7.714876e-001	-1.494000e+000
7.705111e-001	-1.495125e+000
7.695345e-001	-1.496625e+000
7.685579e-001	-1.497000e+000
7.675814e-001	-1.498125e+000
7.666048e-001	-1.498875e+000
7.656282e-001	-1.499625e+000
7.646516e-001	-1.500750e+000
7.636751e-001	-1.501875e+000
7.626985e-001	-1.503000e+000
7.617219e-001	-1.503750e+000
7.607454e-001	-1.504500e+000
7.597688e-001	-1.504875e+000
7.587922e-001	-1.506375e+000
7.578157e-001	-1.507500e+000
7.568391e-001	-1.508625e+000
7.558625e-001	-1.509375e+000
7.548859e-001	-1.510500e+000
7.539094e-001	-1.510875e+000
7.529328e-001	-1.512375e+000
7.519562e-001	-1.513125e+000
7.509797e-001	-1.513500e+000
7.500031e-001	-1.515000e+000
7.490265e-001	-1.515750e+000
7.480500e-001	-1.516500e+000
7.470734e-001	-1.517250e+000
7.460968e-001	-1.519125e+000
7.451202e-001	-1.519500e+000
7.441437e-001	-1.520250e+000
7.431671e-001	-1.521375e+000
7.421905e-001	-1.522125e+000
7.412140e-001	-1.522875e+000
7.402374e-001	-1.524000e+000
7.392608e-001	-1.524750e+000
7.382843e-001	-1.525875e+000
7.373077e-001	-1.526625e+000
7.363311e-001	-1.527375e+000
7.353545e-001	-1.528500e+000
7.343780e-001	-1.529250e+000
7.334014e-001	-1.530000e+000
7.324248e-001	-1.531500e+000
7.314483e-001	-1.532250e+000
7.304717e-001	-1.533000e+000
7.294951e-001	-1.534500e+000
7.285186e-001	-1.535250e+000
7.275420e-001	-1.535625e+000
7.265654e-001	-1.536375e+000
7.255888e-001	-1.537875e+000
7.246123e-001	-1.538625e+000
7.236357e-001	-1.539750e+000
7.226591e-001	-1.540500e+000
7.216826e-001	-1.540875e+000
7.207060e-001	-1.542000e+000
7.197294e-001	-1.543125e+000
7.187529e-001	-1.544250e+000
7.177763e-001	-1.545000e+000
7.167997e-001	-1.546125e+000
7.158231e-001	-1.546125e+000
7.148466e-001	-1.547625e+000
7.138700e-001	-1.548750e+000
7.128934e-001	-1.549875e+000
7.119169e-001	-1.550625e+000
7.109403e-001	-1.551750e+000
7.099637e-001	-1.552125e+000
7.089872e-001	-1.553250e+000
7.080106e-001	-1.554375e+000
7.070340e-001	-1.555125e+000
7.060574e-001	-1.556625e+000
7.050809e-001	-1.557000e+000
7.041043e-001	-1.558125e+000
7.031277e-001	-1.559625e+000
7.021512e-001	-1.560000e+000
7.011746e-001	-1.560750e+000
7.001980e-001	-1.561500e+000
6.992215e-001	-1.563375e+000
6.982449e-001	-1.563750e+000
6.972683e-001	-1.564500e+000
6.962917e-001	-1.566000e+000
6.953152e-001	-1.567125e+000
6.943386e-001	-1.567875e+000
6.933620e-001	-1.568250e+000
6.923855e-001	-1.569750e+000
6.914089e-001	-1.570500e+000
6.904323e-001	-1.570875e+000
6.894558e-001	-1.572375e+000
6.884792e-001	-1.572750e+000
6.875026e-001	-1.573875e+000
6.865261e-001	-1.575375e+000
6.855495e-001	-1.575750e+000
6.845729e-001	-1.576875e+000
6.835963e-001	-1.578000e+000
6.826198e-001	-1.578375e+000
6.816432e-001	-1.579500e+000
6.806666e-001	-1.580625e+000
6.796901e-001	-1.581375e+000
6.787135e-001	-1.582875e+000
6.777369e-001	-1.583250e+000
6.767604e-001	-1.584000e+000
6.757838e-001	-1.585125e+000
6.748072e-001	-1.585875e+000
6.738306e-001	-1.587000e+000
6.728541e-001	-1.587750e+000
6.718775e-001	-1.588875e+000
6.709009e-001	-1.589625e+000
6.699244e-001	-1.590750e+000
6.689478e-001	-1.591500e+000
6.679712e-001	-1.592625e+000
6.669947e-001	-1.593375e+000
6.660181e-001	-1.594125e+000
6.650415e-001	-1.595625e+000
6.640649e-001	-1.596000e+000
6.630884e-001	-1.596750e+000
6.621118e-001	-1.598250e+000
6.611352e-001	-1.599375e+000
6.601587e-001	-1.600125e+000
6.591821e-001	-1.600875e+000
6.582055e-001	-1.602000e+000
6.572290e-001	-1.602750e+000
6.562524e-001	-1.604250e+000
6.552758e-001	-1.605000e+000
6.542992e-001	-1.605375e+000
6.533227e-001	-1.606500e+000
6.523461e-001	-1.607250e+000
6.513695e-001	-1.608375e+000
6.503930e-001	-1.609125e+000
6.494164e-001	-1.610250e+000
6.484398e-001	-1.611000e+000
6.474633e-001	-1.612125e+000
6.464867e-001	-1.612875e+000
6.455101e-001	-1.613625e+000
6.445335e-001	-1.614750e+000
6.435570e-001	-1.615500e+000
6.425804e-001	-1.616625e+000
6.416038e-001	-1.617375e+000
6.406273e-001	-1.618500e+000
6.396507e-001	-1.619250e+000
6.386741e-001	-1.620375e+000
6.376976e-001	-1.621500e+000
6.367210e-001	-1.621875e+000
6.357444e-001	-1.623750e+000
6.347678e-001	-1.624500e+000
6.337913e-001	-1.624875e+000
6.328147e-001	-1.625625e+000
6.318381e-001	-1.626750e+000
6.308616e-001	-1.627500e+000
6.298850e-001	-1.629000e+000
6.289084e-001	-1.629375e+000
6.279319e-001	-1.630125e+000
6.269553e-001	-1.630875e+000
6.259787e-001	-1.632000e+000
6.250021e-001	-1.632750e+000
6.240256e-001	-1.633875e+000
6.230490e-001	-1.635000e+000
6.220724e-001	-1.635750e+000
6.210959e-001	-1.636125e+000
6.201193e-001	-1.637250e+000
6.191427e-001	-1.638375e+000
6.181662e-001	-1.639125e+000
6.171896e-001	-1.640250e+000
6.162130e-001	-1.640625e+000
6.152364e-001	-1.641750e+000
6.142599e-001	-1.642875e+000
6.132833e-001	-1.643625e+000
6.123067e-001	-1.644750e+000
6.113302e-001	-1.645500e+000
6.103536e-001	-1.646625e+000
6.093770e-001	-1.648125e+000
6.084005e-001	-1.648500e+000
6.074239e-001	-1.649250e+000
6.064473e-001	-1.650750e+000
6.054707e-001	-1.651500e+000
6.044942e-001	-1.652625e+000
6.035176e-001	-1.653375e+000
6.025410e-001	-1.654125e+000
6.015645e-001	-1.654875e+000
6.005879e-001	-1.655625e+000
5.996113e-001	-1.656375e+000
5.986348e-001	-1.658250e+000
5.976582e-001	-1.659000e+000
5.966816e-001	-1.659750e+000
5.957050e-001	-1.660875e+000
5.947285e-001	-1.661625e+000
5.937519e-001	-1.662375e+000
5.927753e-001	-1.663125e+000
5.917988e-001	-1.664250e+000
5.908222e-001	-1.665375e+000
5.898456e-001	-1.665750e+000
5.888691e-001	-1.667250e+000
5.878925e-001	-1.668375e+000
5.869159e-001	-1.669125e+000
5.859393e-001	-1.670250e+000
5.849628e-001	-1.671000e+000
5.839862e-001	-1.672125e+000
5.830096e-001	-1.672500e+000
5.820331e-001	-1.673625e+000
5.810565e-001	-1.674375e+000
5.800799e-001	-1.675500e+000
5.791034e-001	-1.676625e+000
5.781268e-001	-1.678125e+000
5.771502e-001	-1.678125e+000
5.761736e-001	-1.679250e+000
5.751971e-001	-1.680750e+000
5.742205e-001	-1.680750e+000
5.732439e-001	-1.682625e+000
5.722674e-001	-1.683375e+000
5.712908e-001	-1.684125e+000
5.703142e-001	-1.684875e+000
5.693377e-001	-1.686000e+000
5.683611e-001	-1.686750e+000
5.673845e-001	-1.687500e+000
5.664079e-001	-1.689000e+000
5.654314e-001	-1.689375e+000
5.644548e-001	-1.690125e+000
5.634782e-001	-1.691250e+000
5.625017e-001	-1.692000e+000
5.615251e-001	-1.693125e+000
5.605485e-001	-1.694625e+000
5.595720e-001	-1.694625e+000
5.585954e-001	-1.695750e+000
5.576188e-001	-1.696500e+000
5.566422e-001	-1.698000e+000
5.556657e-001	-1.699125e+000
5.546891e-001	-1.699125e+000
5.537125e-001	-1.700625e+000
5.527360e-001	-1.701375e+000
5.517594e-001	-1.702125e+000
5.507828e-001	-1.702875e+000
5.498063e-001	-1.704000e+000
5.488297e-001	-1.704750e+000
5.478531e-001	-1.705875e+000
5.468765e-001	-1.707000e+000
5.459000e-001	-1.707750e+000
5.449234e-001	-1.708125e+000
5.439468e-001	-1.708875e+000
5.429703e-001	-1.710000e+000
5.419937e-001	-1.711125e+000
5.410171e-001	-1.711500e+000
5.400406e-001	-1.713000e+000
5.390640e-001	-1.714125e+000
5.380874e-001	-1.714875e+000
5.371109e-001	-1.716000e+000
5.361343e-001	-1.716750e+000
5.351577e-001	-1.717500e+000
5.341811e-001	-1.718250e+000
5.332046e-001	-1.719375e+000
5.322280e-001	-1.720125e+000
5.312514e-001	-1.721625e+000
5.302749e-001	-1.722000e+000
5.292983e-001	-1.723125e+000
5.283217e-001	-1.723500e+000
5.273452e-001	-1.724250e+000
5.263686e-001	-1.725000e+000
5.253920e-001	-1.726125e+000
5.244154e-001	-1.726875e+000
5.234389e-001	-1.728000e+000
5.224623e-001	-1.728375e+000
5.214857e-001	-1.729500e+000
5.205092e-001	-1.730250e+000
5.195326e-001	-1.731375e+000
5.185560e-001	-1.732500e+000
5.175795e-001	-1.733625e+000
5.166029e-001	-1.734375e+000
5.156263e-001	-1.735875e+000
5.146497e-001	-1.735875e+000
5.136732e-001	-1.737375e+000
5.126966e-001	-1.737375e+000
5.117200e-001	-1.739250e+000
5.107435e-001	-1.740000e+000
5.097669e-001	-1.740375e+000
5.087903e-001	-1.741500e+000
5.078138e-001	-1.742625e+000
5.068372e-001	-1.743375e+000
5.058606e-001	-1.744500e+000
5.048840e-001	-1.745250e+000
5.039075e-001	-1.746750e+000
5.029309e-001	-1.746750e+000
5.019543e-001	-1.747875e+000
5.009778e-001	-1.748625e+000
5.000012e-001	-1.749375e+000
4.990246e-001	-1.750500e+000
4.980481e-001	-1.752000e+000
4.970715e-001	-1.752375e+000
4.960949e-001	-1.753500e+000
4.951183e-001	-1.754250e+000
4.941418e-001	-1.754625e+000
4.931652e-001	-1.755750e+000
4.921886e-001	-1.756875e+000
4.912121e-001	-1.757250e+000
4.902355e-001	-1.758375e+000
4.892589e-001	-1.759125e+000
4.882824e-001	-1.759875e+000
4.873058e-001	-1.760625e+000
4.863292e-001	-1.761375e+000
4.853526e-001	-1.762875e+000
4.843761e-001	-1.763250e+000
4.833995e-001	-1.764375e+000
4.824229e-001	-1.765125e+000
4.814464e-001	-1.765875e+000
4.804698e-001	-1.767375e+000
4.794932e-001	-1.767750e+000
4.785167e-001	-1.768875e+000
4.775401e-001	-1.770375e+000
4.765635e-001	-1.770750e+000
4.755869e-001	-1.771500e+000
4.746104e-001	-1.772250e+000
4.736338e-001	-1.773375e+000
4.726572e-001	-1.774500e+000
4.716807e-001	-1.774875e+000
4.707041e-001	-1.776375e+000
4.697275e-001	-1.777125e+000
4.687510e-001	-1.777875e+000
4.677744e-001	-1.779375e+000
4.667978e-001	-1.780125e+000
4.658212e-001	-1.780500e+000
4.648447e-001	-1.781250e+000
4.638681e-001	-1.782000e+000
4.628915e-001	-1.783125e+000
4.619150e-001	-1.784625e+000
4.609384e-001	-1.785375e+000
4.599618e-001	-1.785750e+000
4.589853e-001	-1.786500e+000
4.580087e-001	-1.787250e+000
4.570321e-001	-1.788375e+000
4.560555e-001	-1.789500e+000
4.550790e-001	-1.790250e+000
4.541024e-001	-1.791000e+000
4.531258e-001	-1.791375e+000
4.521493e-001	-1.792500e+000
4.511727e-001	-1.793250e+000
4.501961e-001	-1.794750e+000
4.492196e-001	-1.795875e+000
4.482430e-001	-1.795875e+000
4.472664e-001	-1.796625e+000
4.462898e-001	-1.797750e+000
4.453133e-001	-1.798500e+000
4.443367e-001	-1.799250e+000
4.433601e-001	-1.800750e+000
4.423836e-001	-1.801125e+000
4.414070e-001	-1.801500e+000
4.404304e-001	-1.801875e+000
4.394539e-001	-1.802625e+000
4.384773e-001	-1.804125e+000
4.375007e-001	-1.804500e+000
4.365241e-001	-1.805250e+000
4.355476e-001	-1.806750e+000
4.345710e-001	-1.806750e+000
4.335944e-001	-1.807500e+000
4.326179e-001	-1.808625e+000
4.316413e-001	-1.809375e+000
4.306647e-001	-1.810125e+000
4.296882e-001	-1.811250e+000
4.287116e-001	-1.810875e+000
4.277350e-001	-1.812375e+000
4.267584e-001	-1.813125e+000
4.257819e-001	-1.813875e+000
4.248053e-001	-1.814625e+000
4.238287e-001	-1.815000e+000
4.228522e-001	-1.815750e+000
4.218756e-001	-1.816500e+000
4.208990e-001	-1.817250e+000
4.199225e-001	-1.817625e+000
4.189459e-001	-1.818375e+000
4.179693e-001	-1.818375e+000
4.169927e-001	-1.818750e+000
4.160162e-001	-1.818750e+000
4.150396e-001	-1.819500e+000
4.140630e-001	-1.819875e+000
4.130865e-001	-1.819500e+000
4.121099e-001	-1.819875e+000
4.111333e-001	-1.820625e+000
4.101568e-001	-1.821000e+000
4.091802e-001	-1.821000e+000
4.082036e-001	-1.821000e+000
4.072270e-001	-1.821375e+000
4.062505e-001	-1.820625e+000
4.052739e-001	-1.821000e+000
4.042973e-001	-1.821750e+000
4.033208e-001	-1.821750e+000
4.023442e-001	-1.820625e+000
4.013676e-001	-1.818000e+000
4.003911e-001	-1.815375e+000
3.994145e-001	-1.813500e+000
3.984379e-001	-1.807125e+000
3.974613e-001	-1.791750e+000
3.964848e-001	-1.773375e+000
3.955082e-001	-1.764750e+000
3.945316e-001	-1.755750e+000
3.935551e-001	-1.750500e+000
3.925785e-001	-1.747500e+000
3.916019e-001	-1.737750e+000
3.906254e-001	-1.733250e+000
3.896488e-001	-1.729125e+000
3.886722e-001	-1.726125e+000
3.876956e-001	-1.723500e+000
3.867191e-001	-1.722375e+000
3.857425e-001	-1.721250e+000
3.847659e-001	-1.720500e+000
3.837894e-001	-1.720875e+000
3.828128e-001	-1.719750e+000
3.818362e-001	-1.719000e+000
3.808597e-001	-1.719375e+000
3.798831e-001	-1.719375e+000
3.789065e-001	-1.719750e+000
3.779300e-001	-1.719000e+000
3.769534e-001	-1.719750e+000
3.759768e-001	-1.720125e+000
3.750002e-001	-1.720125e+000
3.740237e-001	-1.720125e+000
3.730471e-001	-1.719000e+000
3.720705e-001	-1.718250e+000
3.710940e-001	-1.717125e+000
3.701174e-001	-1.717500e+000
3.691408e-001	-1.716375e+000
3.681643e-001	-1.715625e+000
3.671877e-001	-1.715250e+000
3.662111e-001	-1.715625e+000
3.652345e-001	-1.714500e+000
3.642580e-001	-1.713750e+000
3.632814e-001	-1.712625e+000
3.623048e-001	-1.712625e+000
3.613283e-001	-1.712625e+000
3.603517e-001	-1.712625e+000
3.593751e-001	-1.713000e+000
3.583986e-001	-1.713750e+000
3.574220e-001	-1.713375e+000
3.564454e-001	-1.713000e+000
3.554688e-001	-1.713000e+000
3.544923e-001	-1.713000e+000
3.535157e-001	-1.713000e+000
3.525391e-001	-1.713375e+000
3.515626e-001	-1.711500e+000
3.505860e-001	-1.710000e+000
3.496094e-001	-1.710000e+000
3.486329e-001	-1.710750e+000
3.476563e-001	-1.710750e+000
3.466797e-001	-1.711500e+000
3.457031e-001	-1.711500e+000
3.447266e-001	-1.710750e+000
3.437500e-001	-1.709625e+000
3.427734e-001	-1.709250e+000
3.417969e-001	-1.709250e+000
3.408203e-001	-1.708125e+000
3.398437e-001	-1.708875e+000
3.388672e-001	-1.709250e+000
3.378906e-001	-1.709250e+000
3.369140e-001	-1.709625e+000
3.359374e-001	-1.709625e+000
3.349609e-001	-1.710000e+000
3.339843e-001	-1.709625e+000
3.330077e-001	-1.710000e+000
3.320312e-001	-1.709625e+000
3.310546e-001	-1.710000e+000
3.300780e-001	-1.709625e+000
3.291015e-001	-1.709250e+000
3.281249e-001	-1.708125e+000
3.271483e-001	-1.708125e+000
3.261717e-001	-1.708875e+000
3.251952e-001	-1.708875e+000
3.242186e-001	-1.709625e+000
3.232420e-001	-1.709625e+000
3.222655e-001	-1.710000e+000
3.212889e-001	-1.709625e+000
3.203123e-001	-1.708875e+000
3.193358e-001	-1.708125e+000
3.183592e-001	-1.708500e+000
3.173826e-001	-1.708125e+000
3.164060e-001	-1.706625e+000
3.154295e-001	-1.706625e+000
3.144529e-001	-1.707000e+000
3.134763e-001	-1.706250e+000
3.124998e-001	-1.706250e+000
3.115232e-001	-1.705875e+000
3.105466e-001	-1.706625e+000
3.095701e-001	-1.707000e+000
3.085935e-001	-1.706625e+000
3.076169e-001	-1.707000e+000
3.066403e-001	-1.707750e+000
3.056638e-001	-1.707750e+000
3.046872e-001	-1.707750e+000
3.037106e-001	-1.708125e+000
3.027341e-001	-1.708125e+000
3.017575e-001	-1.707750e+000
3.007809e-001	-1.707750e+000
2.998044e-001	-1.706250e+000
2.988278e-001	-1.706625e+000
2.978512e-001	-1.706250e+000
2.968746e-001	-1.706625e+000
2.958981e-001	-1.707000e+000
2.949215e-001	-1.707000e+000
2.939449e-001	-1.707375e+000
2.929684e-001	-1.707375e+000
2.919918e-001	-1.708125e+000
2.910152e-001	-1.708125e+000
2.900387e-001	-1.707750e+000
2.890621e-001	-1.706625e+000
2.880855e-001	-1.706625e+000
2.871089e-001	-1.707375e+000
2.861324e-001	-1.707000e+000
2.851558e-001	-1.707750e+000
2.841792e-001	-1.708125e+000
2.832027e-001	-1.708500e+000
2.822261e-001	-1.708875e+000
2.812495e-001	-1.706250e+000
2.802730e-001	-1.705875e+000
2.792964e-001	-1.704000e+000
2.783198e-001	-1.704000e+000
2.773432e-001	-1.704750e+000
2.763667e-001	-1.704750e+000
2.753901e-001	-1.704375e+000
2.744135e-001	-1.704375e+000
2.734370e-001	-1.700625e+000
2.724604e-001	-1.698750e+000
2.714838e-001	-1.698750e+000
2.705073e-001	-1.699500e+000
2.695307e-001	-1.699500e+000
2.685541e-001	-1.699500e+000
2.675775e-001	-1.699500e+000
2.666010e-001	-1.699500e+000
2.656244e-001	-1.699875e+000
2.646478e-001	-1.700250e+000
2.636713e-001	-1.699875e+000
2.626947e-001	-1.699875e+000
2.617181e-001	-1.699500e+000
2.607416e-001	-1.698750e+000
2.597650e-001	-1.699500e+000
2.587884e-001	-1.696875e+000
2.578118e-001	-1.696125e+000
2.568353e-001	-1.694625e+000
2.558587e-001	-1.695000e+000
2.548821e-001	-1.694625e+000
2.539056e-001	-1.694625e+000
2.529290e-001	-1.695375e+000
2.519524e-001	-1.695000e+000
2.509759e-001	-1.695375e+000
2.499993e-001	-1.694625e+000
2.490227e-001	-1.694625e+000
2.480461e-001	-1.694625e+000
2.470696e-001	-1.695000e+000
2.460930e-001	-1.694625e+000
2.451164e-001	-1.694625e+000
2.441399e-001	-1.695000e+000
2.431633e-001	-1.695000e+000
2.421867e-001	-1.695000e+000
2.412102e-001	-1.695000e+000
2.402336e-001	-1.695000e+000
2.392570e-001	-1.695375e+000
2.382805e-001	-1.695000e+000
2.373039e-001	-1.695000e+000
2.363274e-001	-1.695000e+000
2.353508e-001	-1.695375e+000
2.343742e-001	-1.695750e+000
2.333977e-001	-1.695375e+000
2.324211e-001	-1.695375e+000
2.314446e-001	-1.695000e+000
2.304680e-001	-1.692750e+000
2.294915e-001	-1.693125e+000
2.285149e-001	-1.693125e+000
2.275384e-001	-1.693125e+000
2.265618e-001	-1.693125e+000
2.255852e-001	-1.693125e+000
2.246087e-001	-1.693125e+000
2.236321e-001	-1.693125e+000
2.226556e-001	-1.693500e+000
2.216790e-001	-1.693125e+000
2.207025e-001	-1.693500e+000
2.197259e-001	-1.693125e+000
2.187493e-001	-1.692750e+000
2.177728e-001	-1.693125e+000
2.167962e-001	-1.692375e+000
2.158197e-001	-1.692000e+000
2.148431e-001	-1.692000e+000
2.138666e-001	-1.692375e+000
2.128900e-001	-1.692375e+000
2.119135e-001	-1.692375e+000
2.109369e-001	-1.692375e+000
2.099603e-001	-1.692375e+000
2.089838e-001	-1.692750e+000
2.080072e-001	-1.692750e+000
2.070307e-001	-1.692750e+000
2.060541e-001	-1.693125e+000
2.050776e-001	-1.693500e+000
2.041010e-001	-1.693125e+000
2.031245e-001	-1.693500e+000
2.021479e-001	-1.693500e+000
2.011713e-001	-1.693875e+000
2.001948e-001	-1.693875e+000
1.992182e-001	-1.693875e+000
1.982417e-001	-1.693875e+000
1.972651e-001	-1.694250e+000
1.962886e-001	-1.694250e+000
1.953120e-001	-1.694250e+000
1.943355e-001	-1.693875e+000
1.933589e-001	-1.694625e+000
1.923823e-001	-1.694625e+000
1.914058e-001	-1.694625e+000
1.904292e-001	-1.695000e+000
1.894527e-001	-1.695000e+000
1.884761e-001	-1.695000e+000
1.874996e-001	-1.695375e+000
1.865230e-001	-1.695375e+000
1.855465e-001	-1.695375e+000
1.845699e-001	-1.695750e+000
1.835933e-001	-1.695375e+000
1.826168e-001	-1.695750e+000
1.816402e-001	-1.696125e+000
1.806637e-001	-1.696125e+000
1.796871e-001	-1.696125e+000
1.787106e-001	-1.696125e+000
1.777340e-001	-1.696125e+000
1.767575e-001	-1.696125e+000
1.757809e-001	-1.696875e+000
1.748043e-001	-1.696875e+000
1.738278e-001	-1.696875e+000
1.728512e-001	-1.697250e+000
1.718747e-001	-1.697250e+000
1.708981e-001	-1.697250e+000
1.699216e-001	-1.698000e+000
1.689450e-001	-1.697625e+000
1.679685e-001	-1.698000e+000
1.669919e-001	-1.698375e+000
1.660153e-001	-1.698750e+000
1.650388e-001	-1.697625e+000
1.640622e-001	-1.696875e+000
1.630857e-001	-1.696875e+000
1.621091e-001	-1.693500e+000
1.611326e-001	-1.692750e+000
1.601560e-001	-1.693125e+000
1.591795e-001	-1.693125e+000
1.582029e-001	-1.693500e+000
1.572263e-001	-1.693125e+000
1.562498e-001	-1.692750e+000
1.552732e-001	-1.693125e+000
1.542967e-001	-1.693500e+000
1.533201e-001	-1.693500e+000
1.523436e-001	-1.693500e+000
1.513670e-001	-1.693125e+000
1.503904e-001	-1.693500e+000
1.494139e-001	-1.693875e+000
1.484373e-001	-1.693875e+000
1.474608e-001	-1.694250e+000
1.464842e-001	-1.692375e+000
1.455077e-001	-1.692000e+000
1.445311e-001	-1.692375e+000
1.435546e-001	-1.692000e+000
1.425780e-001	-1.692750e+000
1.416014e-001	-1.692375e+000
1.406249e-001	-1.692750e+000
1.396483e-001	-1.692750e+000
1.386718e-001	-1.692375e+000
1.376952e-001	-1.693125e+000
1.367187e-001	-1.693125e+000
1.357421e-001	-1.692750e+000
1.347656e-001	-1.692750e+000
1.337890e-001	-1.693125e+000
1.328124e-001	-1.692750e+000
1.318359e-001	-1.692750e+000
1.308593e-001	-1.692750e+000
1.298828e-001	-1.693500e+000
1.289062e-001	-1.692750e+000
1.279297e-001	-1.693125e+000
1.269531e-001	-1.693500e+000
1.259766e-001	-1.693500e+000
1.250000e-001	-1.693125e+000
1.240234e-001	-1.693500e+000
1.230469e-001	-1.693500e+000
1.220703e-001	-1.693500e+000
1.210938e-001	-1.693500e+000
1.201172e-001	-1.693875e+000
1.191407e-001	-1.693875e+000
1.181641e-001	-1.693875e+000
1.171875e-001	-1.694250e+000
1.162110e-001	-1.694250e+000
1.152344e-001	-1.693875e+000
1.142578e-001	-1.694250e+000
1.132813e-001	-1.693875e+000
1.123047e-001	-1.694250e+000
1.113282e-001	-1.694250e+000
1.103516e-001	-1.694625e+000
1.093750e-001	-1.694625e+000
1.083985e-001	-1.694625e+000
1.074219e-001	-1.695000e+000
1.064453e-001	-1.694250e+000
1.054688e-001	-1.695000e+000
1.044922e-001	-1.694625e+000
1.035157e-001	-1.694250e+000
1.025391e-001	-1.695000e+000
1.015625e-001	-1.694625e+000
1.005860e-001	-1.694625e+000
9.960940e-002	-1.694250e+000
9.863284e-002	-1.694250e+000
9.765628e-002	-1.694250e+000
9.667971e-002	-1.694625e+000
9.570315e-002	-1.694250e+000
9.472659e-002	-1.694625e+000
9.375002e-002	-1.695000e+000
9.277346e-002	-1.695000e+000
9.179690e-002	-1.695375e+000
9.082034e-002	-1.695000e+000
8.984377e-002	-1.695375e+000
8.886721e-002	-1.695375e+000
8.789065e-002	-1.695000e+000
8.691408e-002	-1.695375e+000
8.593752e-002	-1.696125e+000
8.496096e-002	-1.696125e+000
8.398440e-002	-1.695750e+000
8.300783e-002	-1.695750e+000
8.203127e-002	-1.696125e+000
8.105471e-002	-1.696500e+000
8.007815e-002	-1.696125e+000
7.910158e-002	-1.696875e+000
7.812502e-002	-1.696875e+000
7.714846e-002	-1.696875e+000
7.617189e-002	-1.696875e+000
7.519533e-002	-1.697625e+000
7.421877e-002	-1.697250e+000
7.324221e-002	-1.697625e+000
7.226564e-002	-1.698000e+000
7.128908e-002	-1.698000e+000
7.031252e-002	-1.697625e+000
6.933595e-002	-1.696875e+000
6.835939e-002	-1.694250e+000
6.738283e-002	-1.695000e+000
6.640627e-002	-1.694625e+000
6.542970e-002	-1.694625e+000
6.445314e-002	-1.694250e+000
6.347658e-002	-1.694625e+000
6.250001e-002	-1.694625e+000
6.152345e-002	-1.694625e+000
6.054689e-002	-1.694250e+000
5.957033e-002	-1.694250e+000
5.859376e-002	-1.694625e+000
5.761720e-002	-1.694625e+000
5.664064e-002	-1.694625e+000
5.566407e-002	-1.694250e+000
5.468751e-002	-1.694625e+000
5.371095e-002	-1.694625e+000
5.273439e-002	-1.695000e+000
5.175782e-002	-1.695000e+000
5.078126e-002	-1.695375e+000
4.980470e-002	-1.695375e+000
4.882813e-002	-1.695375e+000
4.785157e-002	-1.695750e+000
4.687501e-002	-1.695750e+000
4.589845e-002	-1.695750e+000
4.492188e-002	-1.696125e+000
4.394532e-002	-1.696125e+000
4.296876e-002	-1.696125e+000
4.199219e-002	-1.696125e+000
4.101563e-002	-1.695750e+000
4.003907e-002	-1.696125e+000
3.906251e-002	-1.696125e+000
3.808594e-002	-1.696125e+000
3.710938e-002	-1.696500e+000
3.613282e-002	-1.696875e+000
3.515625e-002	-1.696500e+000
3.417969e-002	-1.696500e+000
3.320313e-002	-1.696875e+000
3.222657e-002	-1.697250e+000
3.125000e-002	-1.697250e+000
3.027344e-002	-1.697250e+000
2.929688e-002	-1.697250e+000
2.832031e-002	-1.696500e+000
2.734375e-002	-1.696500e+000
2.636719e-002	-1.696500e+000
2.539063e-002	-1.696875e+000
2.441406e-002	-1.696875e+000
2.343750e-002	-1.696875e+000
2.246094e-002	-1.696875e+000
2.148438e-002	-1.697250e+000
2.050781e-002	-1.697625e+000
1.953125e-002	-1.697250e+000
1.855469e-002	-1.697625e+000
1.757812e-002	-1.698375e+000
1.660156e-002	-1.697625e+000
1.562500e-002	-1.698000e+000
1.464844e-002	-1.698375e+000
1.367187e-002	-1.698000e+000
1.269531e-002	-1.698750e+000
1.171875e-002	-1.698750e+000
1.074218e-002	-1.698375e+000
9.765621e-003	-1.698750e+000
8.789058e-003	-1.699125e+000
7.812496e-003	-1.699125e+000
6.835933e-003	-1.698750e+000
5.859371e-003	-1.699125e+000
4.882808e-003	-1.699500e+000
3.906246e-003	-1.699500e+000
2.929684e-003	-1.699125e+000
1.953121e-003	-1.699875e+000
9.765587e-004	-1.699500e+000
