    nm         	 V
0.000000e+000	-1.776375e+000
4.882812e-001	-1.776000e+000
9.765625e-001	-1.776750e+000
1.464844e+000	-1.776375e+000
1.953125e+000	-1.776375e+000
2.441406e+000	-1.776000e+000
2.929687e+000	-1.776000e+000
3.417969e+000	-1.776750e+000
3.906250e+000	-1.776000e+000
4.394531e+000	-1.776000e+000
4.882813e+000	-1.776375e+000
5.371094e+000	-1.776000e+000
5.859376e+000	-1.776375e+000
6.347657e+000	-1.776000e+000
6.835938e+000	-1.776000e+000
7.324220e+000	-1.776000e+000
7.812501e+000	-1.776000e+000
8.300782e+000	-1.776000e+000
8.789064e+000	-1.776000e+000
9.277345e+000	-1.775625e+000
9.765627e+000	-1.775625e+000
1.025391e+001	-1.776000e+000
1.074219e+001	-1.776000e+000
1.123047e+001	-1.775625e+000
1.171875e+001	-1.775625e+000
1.220703e+001	-1.775625e+000
1.269532e+001	-1.776000e+000
1.318360e+001	-1.776000e+000
1.367188e+001	-1.775250e+000
1.416016e+001	-1.775625e+000
1.464844e+001	-1.776000e+000
1.513672e+001	-1.776000e+000
1.562500e+001	-1.776000e+000
1.611328e+001	-1.775625e+000
1.660157e+001	-1.775250e+000
1.708985e+001	-1.775625e+000
1.757813e+001	-1.775625e+000
1.806641e+001	-1.775250e+000
1.855469e+001	-1.775250e+000
1.904297e+001	-1.775625e+000
1.953125e+001	-1.775625e+000
2.001954e+001	-1.775250e+000
2.050782e+001	-1.775625e+000
2.099610e+001	-1.775250e+000
2.148438e+001	-1.775250e+000
2.197266e+001	-1.775250e+000
2.246094e+001	-1.775250e+000
2.294922e+001	-1.775250e+000
2.343751e+001	-1.775250e+000
2.392579e+001	-1.775250e+000
2.441407e+001	-1.775250e+000
2.490235e+001	-1.775250e+000
2.539063e+001	-1.775250e+000
2.587891e+001	-1.774875e+000
2.636719e+001	-1.775250e+000
2.685548e+001	-1.774875e+000
2.734376e+001	-1.774875e+000
2.783204e+001	-1.774500e+000
2.832032e+001	-1.775250e+000
2.880860e+001	-1.774875e+000
2.929688e+001	-1.774875e+000
2.978516e+001	-1.774500e+000
3.027344e+001	-1.775250e+000
3.076173e+001	-1.774875e+000
3.125001e+001	-1.774875e+000
3.173829e+001	-1.775250e+000
3.222657e+001	-1.774875e+000
3.271485e+001	-1.774875e+000
3.320313e+001	-1.774875e+000
3.369141e+001	-1.774500e+000
3.417970e+001	-1.774500e+000
3.466798e+001	-1.775250e+000
3.515626e+001	-1.774500e+000
3.564454e+001	-1.774875e+000
3.613282e+001	-1.774875e+000
3.662110e+001	-1.774500e+000
3.710938e+001	-1.774500e+000
3.759767e+001	-1.774500e+000
3.808595e+001	-1.774500e+000
3.857423e+001	-1.774125e+000
3.906251e+001	-1.774875e+000
3.955079e+001	-1.774500e+000
4.003907e+001	-1.774875e+000
4.052735e+001	-1.774500e+000
4.101564e+001	-1.774125e+000
4.150392e+001	-1.774125e+000
4.199220e+001	-1.774125e+000
4.248048e+001	-1.774500e+000
4.296876e+001	-1.774875e+000
4.345704e+001	-1.774125e+000
4.394532e+001	-1.774125e+000
4.443361e+001	-1.774500e+000
4.492189e+001	-1.774125e+000
4.541017e+001	-1.774125e+000
4.589845e+001	-1.773750e+000
4.638673e+001	-1.774500e+000
4.687501e+001	-1.774125e+000
4.736329e+001	-1.774125e+000
4.785158e+001	-1.773750e+000
4.833986e+001	-1.773750e+000
4.882814e+001	-1.773750e+000
4.931642e+001	-1.774500e+000
4.980470e+001	-1.774125e+000
5.029298e+001	-1.774125e+000
5.078126e+001	-1.774125e+000
5.126955e+001	-1.774125e+000
5.175783e+001	-1.774125e+000
5.224611e+001	-1.773750e+000
5.273439e+001	-1.773750e+000
5.322267e+001	-1.774125e+000
5.371095e+001	-1.773750e+000
5.419923e+001	-1.773750e+000
5.468751e+001	-1.773375e+000
5.517580e+001	-1.773750e+000
5.566408e+001	-1.773750e+000
5.615236e+001	-1.773750e+000
5.664064e+001	-1.773375e+000
5.712892e+001	-1.773750e+000
5.761720e+001	-1.773375e+000
5.810548e+001	-1.773750e+000
5.859377e+001	-1.773750e+000
5.908205e+001	-1.773750e+000
5.957033e+001	-1.773750e+000
6.005861e+001	-1.773375e+000
6.054689e+001	-1.773750e+000
6.103517e+001	-1.773750e+000
6.152344e+001	-1.773000e+000
6.201172e+001	-1.773375e+000
6.250000e+001	-1.773375e+000
6.298828e+001	-1.772625e+000
6.347656e+001	-1.773000e+000
6.396483e+001	-1.773000e+000
6.445311e+001	-1.773375e+000
6.494139e+001	-1.772250e+000
6.542967e+001	-1.773000e+000
6.591794e+001	-1.773000e+000
6.640622e+001	-1.773000e+000
6.689450e+001	-1.773000e+000
6.738278e+001	-1.773000e+000
6.787106e+001	-1.772625e+000
6.835933e+001	-1.773000e+000
6.884761e+001	-1.773000e+000
6.933589e+001	-1.773000e+000
6.982417e+001	-1.772625e+000
7.031245e+001	-1.772625e+000
7.080072e+001	-1.773000e+000
7.128900e+001	-1.773000e+000
7.177728e+001	-1.773000e+000
7.226556e+001	-1.772625e+000
7.275383e+001	-1.773000e+000
7.324211e+001	-1.773000e+000
7.373039e+001	-1.773000e+000
7.421867e+001	-1.773000e+000
7.470695e+001	-1.772250e+000
7.519522e+001	-1.772625e+000
7.568350e+001	-1.772625e+000
7.617178e+001	-1.772625e+000
7.666006e+001	-1.772625e+000
7.714834e+001	-1.772625e+000
7.763661e+001	-1.773000e+000
7.812489e+001	-1.772250e+000
7.861317e+001	-1.773000e+000
7.910145e+001	-1.772250e+000
7.958973e+001	-1.772250e+000
8.007800e+001	-1.773000e+000
8.056628e+001	-1.772250e+000
8.105456e+001	-1.772250e+000
8.154284e+001	-1.772250e+000
8.203111e+001	-1.772250e+000
8.251939e+001	-1.772625e+000
8.300767e+001	-1.772250e+000
8.349595e+001	-1.772250e+000
8.398423e+001	-1.772250e+000
8.447250e+001	-1.771875e+000
8.496078e+001	-1.771875e+000
8.544906e+001	-1.772250e+000
8.593734e+001	-1.772250e+000
8.642562e+001	-1.772250e+000
8.691389e+001	-1.772250e+000
8.740217e+001	-1.771875e+000
8.789045e+001	-1.772250e+000
8.837873e+001	-1.772250e+000
8.886700e+001	-1.771875e+000
8.935528e+001	-1.772250e+000
8.984356e+001	-1.772250e+000
9.033184e+001	-1.771875e+000
9.082012e+001	-1.771875e+000
9.130839e+001	-1.771500e+000
9.179667e+001	-1.771500e+000
9.228495e+001	-1.771875e+000
9.277323e+001	-1.771875e+000
9.326151e+001	-1.771500e+000
9.374978e+001	-1.771875e+000
9.423806e+001	-1.771875e+000
9.472634e+001	-1.771875e+000
9.521462e+001	-1.771875e+000
9.570289e+001	-1.771500e+000
9.619117e+001	-1.771500e+000
9.667945e+001	-1.771875e+000
9.716773e+001	-1.771500e+000
9.765601e+001	-1.771500e+000
9.814428e+001	-1.771125e+000
9.863256e+001	-1.771500e+000
9.912084e+001	-1.771125e+000
9.960912e+001	-1.771500e+000
1.000974e+002	-1.771125e+000
1.005857e+002	-1.771125e+000
1.010740e+002	-1.771125e+000
1.015622e+002	-1.771500e+000
1.020505e+002	-1.771125e+000
1.025388e+002	-1.771125e+000
1.030271e+002	-1.770750e+000
1.035153e+002	-1.771125e+000
1.040036e+002	-1.771125e+000
1.044919e+002	-1.771125e+000
1.049802e+002	-1.771125e+000
1.054685e+002	-1.771500e+000
1.059567e+002	-1.771125e+000
1.064450e+002	-1.771125e+000
1.069333e+002	-1.771500e+000
1.074216e+002	-1.771125e+000
1.079098e+002	-1.770750e+000
1.083981e+002	-1.771125e+000
1.088864e+002	-1.771125e+000
1.093747e+002	-1.770750e+000
1.098630e+002	-1.770750e+000
1.103512e+002	-1.771500e+000
1.108395e+002	-1.770375e+000
1.113278e+002	-1.771125e+000
1.118161e+002	-1.770750e+000
1.123043e+002	-1.770750e+000
1.127926e+002	-1.770750e+000
1.132809e+002	-1.770375e+000
1.137692e+002	-1.771125e+000
1.142575e+002	-1.770750e+000
1.147457e+002	-1.770750e+000
1.152340e+002	-1.770750e+000
1.157223e+002	-1.770375e+000
1.162106e+002	-1.770750e+000
1.166988e+002	-1.771125e+000
1.171871e+002	-1.770750e+000
1.176754e+002	-1.770375e+000
1.181637e+002	-1.770750e+000
1.186520e+002	-1.770375e+000
1.191402e+002	-1.770375e+000
1.196285e+002	-1.770375e+000
1.201168e+002	-1.770375e+000
1.206051e+002	-1.770375e+000
1.210934e+002	-1.770000e+000
1.215816e+002	-1.770375e+000
1.220699e+002	-1.770375e+000
1.225582e+002	-1.769625e+000
1.230465e+002	-1.770375e+000
1.235348e+002	-1.770375e+000
1.240231e+002	-1.770000e+000
1.245114e+002	-1.770000e+000
1.249996e+002	-1.770375e+000
1.254879e+002	-1.769625e+000
1.259762e+002	-1.770000e+000
1.264645e+002	-1.770000e+000
1.269528e+002	-1.770000e+000
1.274411e+002	-1.770000e+000
1.279294e+002	-1.770000e+000
1.284176e+002	-1.769625e+000
1.289059e+002	-1.769625e+000
1.293942e+002	-1.770000e+000
1.298825e+002	-1.769625e+000
1.303708e+002	-1.770000e+000
1.308591e+002	-1.769625e+000
1.313473e+002	-1.770000e+000
1.318356e+002	-1.769625e+000
1.323239e+002	-1.769625e+000
1.328122e+002	-1.770000e+000
1.333005e+002	-1.769625e+000
1.337888e+002	-1.769625e+000
1.342771e+002	-1.770000e+000
1.347653e+002	-1.769625e+000
1.352536e+002	-1.770000e+000
1.357419e+002	-1.769250e+000
1.362302e+002	-1.769250e+000
1.367185e+002	-1.769625e+000
1.372068e+002	-1.769250e+000
1.376951e+002	-1.769250e+000
1.381833e+002	-1.769250e+000
1.386716e+002	-1.769250e+000
1.391599e+002	-1.769250e+000
1.396482e+002	-1.769250e+000
1.401365e+002	-1.769625e+000
1.406248e+002	-1.769250e+000
1.411130e+002	-1.769250e+000
1.416013e+002	-1.769250e+000
1.420896e+002	-1.769250e+000
1.425779e+002	-1.768875e+000
1.430662e+002	-1.769250e+000
1.435545e+002	-1.769250e+000
1.440428e+002	-1.769250e+000
1.445310e+002	-1.768875e+000
1.450193e+002	-1.768500e+000
1.455076e+002	-1.768875e+000
1.459959e+002	-1.768875e+000
1.464842e+002	-1.769250e+000
1.469725e+002	-1.768875e+000
1.474608e+002	-1.769250e+000
1.479490e+002	-1.768500e+000
1.484373e+002	-1.769250e+000
1.489256e+002	-1.768875e+000
1.494139e+002	-1.768875e+000
1.499022e+002	-1.768875e+000
1.503905e+002	-1.769250e+000
1.508787e+002	-1.768875e+000
1.513670e+002	-1.768875e+000
1.518553e+002	-1.768875e+000
1.523436e+002	-1.768875e+000
1.528319e+002	-1.768500e+000
1.533202e+002	-1.768875e+000
1.538085e+002	-1.768500e+000
1.542967e+002	-1.768500e+000
1.547850e+002	-1.768500e+000
1.552733e+002	-1.768500e+000
1.557616e+002	-1.768875e+000
1.562499e+002	-1.768500e+000
1.567382e+002	-1.768500e+000
1.572265e+002	-1.768875e+000
1.577147e+002	-1.768500e+000
1.582030e+002	-1.768500e+000
1.586913e+002	-1.768500e+000
1.591796e+002	-1.768500e+000
1.596679e+002	-1.768875e+000
1.601562e+002	-1.768500e+000
1.606444e+002	-1.768500e+000
1.611327e+002	-1.768125e+000
1.616210e+002	-1.768125e+000
1.621093e+002	-1.768500e+000
1.625976e+002	-1.768875e+000
1.630859e+002	-1.768125e+000
1.635742e+002	-1.767750e+000
1.640624e+002	-1.768125e+000
1.645507e+002	-1.768500e+000
1.650390e+002	-1.767750e+000
1.655273e+002	-1.768500e+000
1.660156e+002	-1.768500e+000
1.665039e+002	-1.767750e+000
1.669922e+002	-1.768125e+000
1.674804e+002	-1.768125e+000
1.679687e+002	-1.767750e+000
1.684570e+002	-1.767750e+000
1.689453e+002	-1.768125e+000
1.694336e+002	-1.768125e+000
1.699219e+002	-1.768125e+000
1.704101e+002	-1.767750e+000
1.708984e+002	-1.767750e+000
1.713867e+002	-1.768125e+000
1.718750e+002	-1.768125e+000
1.723633e+002	-1.767750e+000
1.728516e+002	-1.767375e+000
1.733399e+002	-1.768125e+000
1.738281e+002	-1.767750e+000
1.743164e+002	-1.767750e+000
1.748047e+002	-1.767750e+000
1.752930e+002	-1.767750e+000
1.757813e+002	-1.767750e+000
1.762696e+002	-1.767750e+000
1.767579e+002	-1.767750e+000
1.772461e+002	-1.767375e+000
1.777344e+002	-1.767750e+000
1.782227e+002	-1.767375e+000
1.787110e+002	-1.767750e+000
1.791993e+002	-1.767375e+000
1.796876e+002	-1.767375e+000
1.801758e+002	-1.767750e+000
1.806641e+002	-1.767750e+000
1.811524e+002	-1.767375e+000
1.816407e+002	-1.767750e+000
1.821290e+002	-1.767750e+000
1.826173e+002	-1.767375e+000
1.831056e+002	-1.767750e+000
1.835938e+002	-1.767375e+000
1.840821e+002	-1.767750e+000
1.845704e+002	-1.767750e+000
1.850587e+002	-1.767375e+000
1.855470e+002	-1.767375e+000
1.860353e+002	-1.767750e+000
1.865236e+002	-1.767000e+000
1.870118e+002	-1.767375e+000
1.875001e+002	-1.767375e+000
1.879884e+002	-1.767000e+000
1.884767e+002	-1.767750e+000
1.889650e+002	-1.767375e+000
1.894533e+002	-1.767750e+000
1.899415e+002	-1.767000e+000
1.904298e+002	-1.767375e+000
1.909181e+002	-1.767000e+000
1.914064e+002	-1.767000e+000
1.918947e+002	-1.767000e+000
1.923830e+002	-1.767000e+000
1.928713e+002	-1.767375e+000
1.933595e+002	-1.767375e+000
1.938478e+002	-1.767375e+000
1.943361e+002	-1.767000e+000
1.948244e+002	-1.767000e+000
1.953127e+002	-1.767000e+000
1.958010e+002	-1.767000e+000
1.962892e+002	-1.767000e+000
1.967775e+002	-1.767000e+000
1.972658e+002	-1.767000e+000
1.977541e+002	-1.767000e+000
1.982424e+002	-1.767000e+000
1.987307e+002	-1.767000e+000
1.992190e+002	-1.767000e+000
1.997072e+002	-1.767000e+000
2.001955e+002	-1.767000e+000
2.006838e+002	-1.767000e+000
2.011721e+002	-1.767000e+000
2.016604e+002	-1.766625e+000
2.021487e+002	-1.767000e+000
2.026370e+002	-1.767375e+000
2.031252e+002	-1.767000e+000
2.036135e+002	-1.766625e+000
2.041018e+002	-1.767000e+000
2.045901e+002	-1.766625e+000
2.050784e+002	-1.766625e+000
2.055667e+002	-1.767000e+000
2.060549e+002	-1.766625e+000
2.065432e+002	-1.766250e+000
2.070315e+002	-1.767000e+000
2.075198e+002	-1.766625e+000
2.080081e+002	-1.766625e+000
2.084964e+002	-1.766250e+000
2.089847e+002	-1.766250e+000
2.094729e+002	-1.766250e+000
2.099612e+002	-1.766250e+000
2.104495e+002	-1.766625e+000
2.109378e+002	-1.766250e+000
2.114261e+002	-1.766250e+000
2.119144e+002	-1.766250e+000
2.124027e+002	-1.766250e+000
2.128909e+002	-1.766625e+000
2.133792e+002	-1.766625e+000
2.138675e+002	-1.766250e+000
2.143558e+002	-1.766250e+000
2.148441e+002	-1.766250e+000
2.153324e+002	-1.766250e+000
2.158206e+002	-1.766625e+000
2.163089e+002	-1.766625e+000
2.167972e+002	-1.765875e+000
2.172855e+002	-1.766250e+000
2.177738e+002	-1.766250e+000
2.182621e+002	-1.766250e+000
2.187504e+002	-1.766250e+000
2.192386e+002	-1.766250e+000
2.197269e+002	-1.766250e+000
2.202152e+002	-1.766250e+000
2.207035e+002	-1.766250e+000
2.211918e+002	-1.766625e+000
2.216801e+002	-1.766250e+000
2.221684e+002	-1.766625e+000
2.226566e+002	-1.766250e+000
2.231449e+002	-1.766250e+000
2.236332e+002	-1.765875e+000
2.241215e+002	-1.766250e+000
2.246098e+002	-1.765875e+000
2.250981e+002	-1.766250e+000
2.255863e+002	-1.766625e+000
2.260746e+002	-1.766250e+000
2.265629e+002	-1.765875e+000
2.270512e+002	-1.765875e+000
2.275395e+002	-1.765875e+000
2.280278e+002	-1.765875e+000
2.285161e+002	-1.765875e+000
2.290043e+002	-1.765875e+000
2.294926e+002	-1.765875e+000
2.299809e+002	-1.766250e+000
2.304692e+002	-1.765500e+000
2.309575e+002	-1.766250e+000
2.314458e+002	-1.766250e+000
2.319341e+002	-1.765500e+000
2.324223e+002	-1.765875e+000
2.329106e+002	-1.765875e+000
2.333989e+002	-1.765875e+000
2.338872e+002	-1.765500e+000
2.343755e+002	-1.766250e+000
2.348638e+002	-1.765500e+000
2.353520e+002	-1.765500e+000
2.358403e+002	-1.765500e+000
2.363286e+002	-1.765500e+000
2.368169e+002	-1.765875e+000
2.373052e+002	-1.765500e+000
2.377935e+002	-1.765500e+000
2.382818e+002	-1.765500e+000
2.387700e+002	-1.765500e+000
2.392583e+002	-1.765500e+000
2.397466e+002	-1.765875e+000
2.402349e+002	-1.765875e+000
2.407232e+002	-1.765500e+000
2.412115e+002	-1.765500e+000
2.416998e+002	-1.765500e+000
2.421880e+002	-1.765500e+000
2.426763e+002	-1.765500e+000
2.431646e+002	-1.765875e+000
2.436529e+002	-1.765500e+000
2.441412e+002	-1.765125e+000
2.446295e+002	-1.765125e+000
2.451177e+002	-1.765500e+000
2.456060e+002	-1.765500e+000
2.460943e+002	-1.765500e+000
2.465826e+002	-1.765125e+000
2.470709e+002	-1.765500e+000
2.475592e+002	-1.765125e+000
2.480475e+002	-1.765125e+000
2.485357e+002	-1.765125e+000
2.490240e+002	-1.765500e+000
2.495123e+002	-1.765500e+000
2.500006e+002	-1.765500e+000
2.504889e+002	-1.765500e+000
2.509772e+002	-1.765125e+000
2.514655e+002	-1.765125e+000
2.519537e+002	-1.765500e+000
2.524420e+002	-1.765125e+000
2.529303e+002	-1.764750e+000
2.534186e+002	-1.765125e+000
2.539069e+002	-1.765125e+000
2.543952e+002	-1.765500e+000
2.548834e+002	-1.765125e+000
2.553717e+002	-1.764750e+000
2.558600e+002	-1.765125e+000
2.563483e+002	-1.765125e+000
2.568366e+002	-1.764750e+000
2.573249e+002	-1.764750e+000
2.578132e+002	-1.764750e+000
2.583014e+002	-1.764750e+000
2.587897e+002	-1.764750e+000
2.592780e+002	-1.764750e+000
2.597663e+002	-1.764750e+000
2.602546e+002	-1.765125e+000
2.607429e+002	-1.764750e+000
2.612312e+002	-1.764750e+000
2.617194e+002	-1.764375e+000
2.622077e+002	-1.764750e+000
2.626960e+002	-1.764750e+000
2.631843e+002	-1.764750e+000
2.636726e+002	-1.765125e+000
2.641609e+002	-1.764750e+000
2.646491e+002	-1.764375e+000
2.651374e+002	-1.765125e+000
2.656257e+002	-1.764750e+000
2.661140e+002	-1.764750e+000
2.666023e+002	-1.764750e+000
2.670906e+002	-1.764375e+000
2.675789e+002	-1.764750e+000
2.680671e+002	-1.764750e+000
2.685554e+002	-1.764750e+000
2.690437e+002	-1.764375e+000
2.695320e+002	-1.764750e+000
2.700203e+002	-1.764375e+000
2.705086e+002	-1.764750e+000
2.709968e+002	-1.764750e+000
2.714851e+002	-1.764750e+000
2.719734e+002	-1.764750e+000
2.724617e+002	-1.764000e+000
2.729500e+002	-1.764750e+000
2.734383e+002	-1.764750e+000
2.739266e+002	-1.765125e+000
2.744148e+002	-1.764750e+000
2.749031e+002	-1.764375e+000
2.753914e+002	-1.764375e+000
2.758797e+002	-1.764750e+000
2.763680e+002	-1.764750e+000
2.768563e+002	-1.764375e+000
2.773446e+002	-1.764750e+000
2.778328e+002	-1.764750e+000
2.783211e+002	-1.764375e+000
2.788094e+002	-1.764375e+000
2.792977e+002	-1.764375e+000
2.797860e+002	-1.764375e+000
2.802743e+002	-1.764750e+000
2.807625e+002	-1.764375e+000
2.812508e+002	-1.764750e+000
2.817391e+002	-1.764375e+000
2.822274e+002	-1.764750e+000
2.827157e+002	-1.764750e+000
2.832040e+002	-1.764750e+000
2.836923e+002	-1.764375e+000
2.841805e+002	-1.764375e+000
2.846688e+002	-1.764750e+000
2.851571e+002	-1.770000e+000
2.856454e+002	-1.771500e+000
2.861337e+002	-1.771875e+000
2.866220e+002	-1.772625e+000
2.871103e+002	-1.772250e+000
2.875985e+002	-1.773000e+000
2.880868e+002	-1.773375e+000
2.885751e+002	-1.783125e+000
2.890634e+002	-1.824000e+000
2.895517e+002	-1.824750e+000
2.900400e+002	-1.825875e+000
2.905282e+002	-1.827000e+000
2.910165e+002	-1.827000e+000
2.915048e+002	-1.828125e+000
2.919931e+002	-1.828875e+000
2.924814e+002	-1.829250e+000
2.929697e+002	-1.830000e+000
2.934580e+002	-1.830375e+000
2.939462e+002	-1.831500e+000
2.944345e+002	-1.831875e+000
2.949228e+002	-1.832250e+000
2.954111e+002	-1.833750e+000
2.958994e+002	-1.835250e+000
2.963877e+002	-1.841625e+000
2.968760e+002	-1.843125e+000
2.973642e+002	-1.845000e+000
2.978525e+002	-1.845375e+000
2.983408e+002	-1.847625e+000
2.988291e+002	-1.848375e+000
2.993174e+002	-1.849875e+000
2.998057e+002	-1.849875e+000
3.002939e+002	-1.850625e+000
3.007822e+002	-1.851750e+000
3.012705e+002	-1.852125e+000
3.017588e+002	-1.866375e+000
3.022471e+002	-1.926000e+000
3.027354e+002	-1.943250e+000
3.032237e+002	-1.947750e+000
3.037119e+002	-1.949250e+000
3.042002e+002	-1.949625e+000
3.046885e+002	-1.949625e+000
3.051768e+002	-1.948875e+000
3.056651e+002	-1.948125e+000
3.061534e+002	-1.946625e+000
3.066417e+002	-1.945875e+000
3.071299e+002	-1.945125e+000
3.076182e+002	-1.943625e+000
3.081065e+002	-1.942875e+000
3.085948e+002	-1.941375e+000
3.090831e+002	-1.939875e+000
3.095714e+002	-1.938375e+000
3.100596e+002	-1.937625e+000
3.105479e+002	-1.936125e+000
3.110362e+002	-1.934625e+000
3.115245e+002	-1.933125e+000
3.120128e+002	-1.931250e+000
3.125011e+002	-1.929750e+000
3.129894e+002	-1.928625e+000
3.134776e+002	-1.927125e+000
3.139659e+002	-1.924875e+000
3.144542e+002	-1.923750e+000
3.149425e+002	-1.921500e+000
3.154308e+002	-1.920375e+000
3.159191e+002	-1.918500e+000
3.164074e+002	-1.916250e+000
3.168956e+002	-1.915125e+000
3.173839e+002	-1.913625e+000
3.178722e+002	-1.911750e+000
3.183605e+002	-1.910625e+000
3.188488e+002	-1.908750e+000
3.193371e+002	-1.906875e+000
3.198253e+002	-1.905375e+000
3.203136e+002	-1.903875e+000
3.208019e+002	-1.902750e+000
3.212902e+002	-1.900875e+000
3.217785e+002	-1.898250e+000
3.222668e+002	-1.897500e+000
3.227551e+002	-1.896375e+000
3.232433e+002	-1.894500e+000
3.237316e+002	-1.893000e+000
3.242199e+002	-1.890750e+000
3.247082e+002	-1.889250e+000
3.251965e+002	-1.887750e+000
3.256848e+002	-1.885500e+000
3.261731e+002	-1.884750e+000
3.266613e+002	-1.882875e+000
3.271496e+002	-1.881375e+000
3.276379e+002	-1.879875e+000
3.281262e+002	-1.878375e+000
3.286145e+002	-1.876875e+000
3.291028e+002	-1.875375e+000
3.295910e+002	-1.873500e+000
3.300793e+002	-1.872000e+000
3.305676e+002	-1.870125e+000
3.310559e+002	-1.868250e+000
3.315442e+002	-1.866750e+000
3.320325e+002	-1.865250e+000
3.325208e+002	-1.863750e+000
3.330090e+002	-1.862250e+000
3.334973e+002	-1.860750e+000
3.339856e+002	-1.858875e+000
3.344739e+002	-1.857000e+000
3.349622e+002	-1.854750e+000
3.354505e+002	-1.853625e+000
3.359388e+002	-1.851750e+000
3.364270e+002	-1.850625e+000
3.369153e+002	-1.848750e+000
3.374036e+002	-1.846875e+000
3.378919e+002	-1.845000e+000
3.383802e+002	-1.843875e+000
3.388685e+002	-1.842000e+000
3.393567e+002	-1.840875e+000
3.398450e+002	-1.838625e+000
3.403333e+002	-1.837125e+000
3.408216e+002	-1.834875e+000
3.413099e+002	-1.833750e+000
3.417982e+002	-1.832250e+000
3.422865e+002	-1.830375e+000
3.427747e+002	-1.828500e+000
3.432630e+002	-1.826625e+000
3.437513e+002	-1.825500e+000
3.442396e+002	-1.823625e+000
3.447279e+002	-1.822125e+000
3.452162e+002	-1.821000e+000
3.457044e+002	-1.818750e+000
3.461927e+002	-1.816500e+000
3.466810e+002	-1.815000e+000
3.471693e+002	-1.813875e+000
3.476576e+002	-1.812000e+000
3.481459e+002	-1.810125e+000
3.486342e+002	-1.808625e+000
3.491224e+002	-1.806750e+000
3.496107e+002	-1.805250e+000
3.500990e+002	-1.803750e+000
3.505873e+002	-1.801500e+000
3.510756e+002	-1.800000e+000
3.515639e+002	-1.798500e+000
3.520522e+002	-1.797000e+000
3.525404e+002	-1.795125e+000
3.530287e+002	-1.793625e+000
3.535170e+002	-1.791750e+000
3.540053e+002	-1.789500e+000
3.544936e+002	-1.788375e+000
3.549819e+002	-1.786125e+000
3.554701e+002	-1.785375e+000
3.559584e+002	-1.782750e+000
3.564467e+002	-1.781250e+000
3.569350e+002	-1.779750e+000
3.574233e+002	-1.777500e+000
3.579116e+002	-1.776375e+000
3.583999e+002	-1.774875e+000
3.588881e+002	-1.773000e+000
3.593764e+002	-1.770750e+000
3.598647e+002	-1.769250e+000
3.603530e+002	-1.767750e+000
3.608413e+002	-1.765875e+000
3.613296e+002	-1.764000e+000
3.618179e+002	-1.762500e+000
3.623061e+002	-1.761375e+000
3.627944e+002	-1.759500e+000
3.632827e+002	-1.757250e+000
3.637710e+002	-1.755750e+000
3.642593e+002	-1.754250e+000
3.647476e+002	-1.752000e+000
3.652358e+002	-1.750500e+000
3.657241e+002	-1.748625e+000
3.662124e+002	-1.747125e+000
3.667007e+002	-1.744875e+000
3.671890e+002	-1.743375e+000
3.676773e+002	-1.741875e+000
3.681656e+002	-1.740375e+000
3.686538e+002	-1.738500e+000
3.691421e+002	-1.736250e+000
3.696304e+002	-1.735125e+000
3.701187e+002	-1.733250e+000
3.706070e+002	-1.731750e+000
3.710953e+002	-1.730250e+000
3.715836e+002	-1.728000e+000
3.720718e+002	-1.726125e+000
3.725601e+002	-1.725375e+000
3.730484e+002	-1.723125e+000
3.735367e+002	-1.721625e+000
3.740250e+002	-1.719750e+000
3.745133e+002	-1.718250e+000
3.750015e+002	-1.716375e+000
3.754898e+002	-1.714500e+000
3.759781e+002	-1.713375e+000
3.764664e+002	-1.711125e+000
3.769547e+002	-1.709625e+000
3.774430e+002	-1.707750e+000
3.779313e+002	-1.705875e+000
3.784195e+002	-1.704000e+000
3.789078e+002	-1.702875e+000
3.793961e+002	-1.701000e+000
3.798844e+002	-1.699125e+000
3.803727e+002	-1.697250e+000
3.808610e+002	-1.695750e+000
3.813493e+002	-1.694250e+000
3.818375e+002	-1.693125e+000
3.823258e+002	-1.690500e+000
3.828141e+002	-1.688250e+000
3.833024e+002	-1.686750e+000
3.837907e+002	-1.685625e+000
3.842790e+002	-1.684500e+000
3.847672e+002	-1.682250e+000
3.852555e+002	-1.680000e+000
3.857438e+002	-1.678500e+000
3.862321e+002	-1.676625e+000
3.867204e+002	-1.675125e+000
3.872087e+002	-1.673250e+000
3.876970e+002	-1.671750e+000
3.881852e+002	-1.669500e+000
3.886735e+002	-1.668375e+000
3.891618e+002	-1.666500e+000
3.896501e+002	-1.664625e+000
3.901384e+002	-1.663125e+000
3.906267e+002	-1.661250e+000
3.911150e+002	-1.659750e+000
3.916032e+002	-1.658250e+000
3.920915e+002	-1.655625e+000
3.925798e+002	-1.653750e+000
3.930681e+002	-1.652625e+000
3.935564e+002	-1.650750e+000
3.940447e+002	-1.649250e+000
3.945329e+002	-1.647375e+000
3.950212e+002	-1.645875e+000
3.955095e+002	-1.643625e+000
3.959978e+002	-1.641750e+000
3.964861e+002	-1.640625e+000
3.969744e+002	-1.638750e+000
3.974627e+002	-1.636875e+000
3.979509e+002	-1.635000e+000
3.984392e+002	-1.633500e+000
3.989275e+002	-1.631625e+000
3.994158e+002	-1.629750e+000
3.999041e+002	-1.628250e+000
4.003924e+002	-1.626000e+000
4.008807e+002	-1.624875e+000
4.013689e+002	-1.622625e+000
4.018572e+002	-1.621500e+000
4.023455e+002	-1.620000e+000
4.028338e+002	-1.618125e+000
4.033221e+002	-1.616250e+000
4.038104e+002	-1.614375e+000
4.042986e+002	-1.612875e+000
4.047869e+002	-1.611375e+000
4.052752e+002	-1.609875e+000
4.057635e+002	-1.607250e+000
4.062518e+002	-1.605375e+000
4.067401e+002	-1.604250e+000
4.072284e+002	-1.602750e+000
4.077166e+002	-1.601250e+000
4.082049e+002	-1.599000e+000
4.086932e+002	-1.597500e+000
4.091815e+002	-1.595250e+000
4.096698e+002	-1.593750e+000
4.101581e+002	-1.591875e+000
4.106464e+002	-1.590375e+000
4.111346e+002	-1.588500e+000
4.116229e+002	-1.586625e+000
4.121112e+002	-1.584375e+000
4.125995e+002	-1.583250e+000
4.130878e+002	-1.581750e+000
4.135761e+002	-1.579875e+000
4.140643e+002	-1.578000e+000
4.145526e+002	-1.575750e+000
4.150409e+002	-1.573875e+000
4.155292e+002	-1.572375e+000
4.160175e+002	-1.570875e+000
4.165058e+002	-1.569000e+000
4.169941e+002	-1.567125e+000
4.174823e+002	-1.565250e+000
4.179706e+002	-1.563375e+000
4.184589e+002	-1.561875e+000
4.189472e+002	-1.560375e+000
4.194355e+002	-1.558500e+000
4.199238e+002	-1.557000e+000
4.204121e+002	-1.555125e+000
4.209003e+002	-1.552875e+000
4.213886e+002	-1.551000e+000
4.218769e+002	-1.549125e+000
4.223652e+002	-1.547625e+000
4.228535e+002	-1.546500e+000
4.233418e+002	-1.544250e+000
4.238300e+002	-1.542375e+000
4.243183e+002	-1.540875e+000
4.248066e+002	-1.539000e+000
4.252949e+002	-1.537500e+000
4.257832e+002	-1.535250e+000
4.262715e+002	-1.533750e+000
4.267598e+002	-1.531875e+000
4.272480e+002	-1.530375e+000
4.277363e+002	-1.528500e+000
4.282246e+002	-1.526625e+000
4.287129e+002	-1.525125e+000
4.292012e+002	-1.523250e+000
4.296895e+002	-1.521375e+000
4.301777e+002	-1.519500e+000
4.306660e+002	-1.517625e+000
4.311543e+002	-1.516500e+000
4.316426e+002	-1.514250e+000
4.321309e+002	-1.512375e+000
4.326192e+002	-1.510500e+000
4.331075e+002	-1.509000e+000
4.335957e+002	-1.507500e+000
4.340840e+002	-1.505625e+000
4.345723e+002	-1.503375e+000
4.350606e+002	-1.501875e+000
4.355489e+002	-1.500000e+000
4.360372e+002	-1.498500e+000
4.365255e+002	-1.496625e+000
4.370137e+002	-1.494750e+000
4.375020e+002	-1.493250e+000
4.379903e+002	-1.491375e+000
4.384786e+002	-1.489500e+000
4.389669e+002	-1.488375e+000
4.394552e+002	-1.486500e+000
4.399434e+002	-1.484250e+000
4.404317e+002	-1.482375e+000
4.409200e+002	-1.480500e+000
4.414083e+002	-1.479000e+000
4.418966e+002	-1.477125e+000
4.423849e+002	-1.475250e+000
4.428732e+002	-1.473375e+000
4.433614e+002	-1.471125e+000
4.438497e+002	-1.469625e+000
4.443380e+002	-1.467750e+000
4.448263e+002	-1.466250e+000
4.453146e+002	-1.464375e+000
4.458029e+002	-1.462500e+000
4.462912e+002	-1.460625e+000
4.467794e+002	-1.458375e+000
4.472677e+002	-1.457625e+000
4.477560e+002	-1.455750e+000
4.482443e+002	-1.453875e+000
4.487326e+002	-1.452000e+000
4.492209e+002	-1.450125e+000
4.497091e+002	-1.447875e+000
4.501974e+002	-1.446750e+000
4.506857e+002	-1.444875e+000
4.511740e+002	-1.443750e+000
4.516623e+002	-1.441875e+000
4.521506e+002	-1.440000e+000
4.526389e+002	-1.437750e+000
4.531271e+002	-1.435875e+000
4.536154e+002	-1.434375e+000
4.541037e+002	-1.432875e+000
4.545920e+002	-1.431000e+000
4.550803e+002	-1.429125e+000
4.555686e+002	-1.427625e+000
4.560569e+002	-1.425375e+000
4.565451e+002	-1.423500e+000
4.570334e+002	-1.422000e+000
4.575217e+002	-1.420500e+000
4.580100e+002	-1.418250e+000
4.584983e+002	-1.416375e+000
4.589866e+002	-1.414500e+000
4.594748e+002	-1.413000e+000
4.599631e+002	-1.411125e+000
4.604514e+002	-1.409250e+000
4.609397e+002	-1.407750e+000
4.614280e+002	-1.405875e+000
4.619163e+002	-1.403625e+000
4.624046e+002	-1.402125e+000
4.628928e+002	-1.400625e+000
4.633811e+002	-1.399125e+000
4.638694e+002	-1.396875e+000
4.643577e+002	-1.395000e+000
4.648460e+002	-1.393500e+000
4.653343e+002	-1.391625e+000
4.658226e+002	-1.390125e+000
4.663108e+002	-1.388625e+000
4.667991e+002	-1.386750e+000
4.672874e+002	-1.384500e+000
4.677757e+002	-1.383000e+000
4.682640e+002	-1.381125e+000
4.687523e+002	-1.379250e+000
4.692405e+002	-1.377375e+000
4.697288e+002	-1.375875e+000
4.702171e+002	-1.374000e+000
4.707054e+002	-1.372500e+000
4.711937e+002	-1.370625e+000
4.716820e+002	-1.369125e+000
4.721703e+002	-1.366875e+000
4.726585e+002	-1.365000e+000
4.731468e+002	-1.363875e+000
4.736351e+002	-1.362000e+000
4.741234e+002	-1.359750e+000
4.746117e+002	-1.357500e+000
4.751000e+002	-1.355625e+000
4.755883e+002	-1.354125e+000
4.760765e+002	-1.353000e+000
4.765648e+002	-1.351125e+000
4.770531e+002	-1.349250e+000
4.775414e+002	-1.347000e+000
4.780297e+002	-1.345125e+000
4.785180e+002	-1.343625e+000
4.790062e+002	-1.342125e+000
4.794945e+002	-1.340625e+000
4.799828e+002	-1.338750e+000
4.804711e+002	-1.336875e+000
4.809594e+002	-1.335000e+000
4.814477e+002	-1.332750e+000
4.819360e+002	-1.331625e+000
4.824242e+002	-1.329375e+000
4.829125e+002	-1.327875e+000
4.834008e+002	-1.326000e+000
4.838891e+002	-1.324500e+000
4.843774e+002	-1.322625e+000
4.848657e+002	-1.320750e+000
4.853540e+002	-1.318875e+000
4.858422e+002	-1.317375e+000
4.863305e+002	-1.315125e+000
4.868188e+002	-1.313625e+000
4.873071e+002	-1.311375e+000
4.877954e+002	-1.309875e+000
4.882837e+002	-1.308375e+000
4.887719e+002	-1.306500e+000
4.892602e+002	-1.305000e+000
4.897485e+002	-1.302750e+000
4.902368e+002	-1.301250e+000
4.907251e+002	-1.299750e+000
4.912134e+002	-1.297125e+000
4.917017e+002	-1.296000e+000
4.921899e+002	-1.294125e+000
4.926782e+002	-1.292250e+000
4.931665e+002	-1.290375e+000
4.936548e+002	-1.288500e+000
4.941431e+002	-1.287375e+000
4.946314e+002	-1.284750e+000
4.951197e+002	-1.283250e+000
4.956079e+002	-1.281000e+000
4.960962e+002	-1.279500e+000
4.965845e+002	-1.277625e+000
4.970728e+002	-1.275750e+000
4.975611e+002	-1.275375e+000
