    nm         	 V
7.000043e+002	-1.896000e+000
6.993207e+002	-1.896750e+000
6.986371e+002	-1.897500e+000
6.979535e+002	-1.899000e+000
6.972699e+002	-1.899375e+000
6.965863e+002	-1.900500e+000
6.959027e+002	-1.901625e+000
6.952191e+002	-1.902375e+000
6.945355e+002	-1.903125e+000
6.938519e+002	-1.904250e+000
6.931683e+002	-1.905375e+000
6.924847e+002	-1.906500e+000
6.918011e+002	-1.907250e+000
6.911175e+002	-1.908750e+000
6.904339e+002	-1.909125e+000
6.897503e+002	-1.910250e+000
6.890667e+002	-1.911375e+000
6.883831e+002	-1.912125e+000
6.876995e+002	-1.913625e+000
6.870159e+002	-1.914750e+000
6.863323e+002	-1.915125e+000
6.856487e+002	-1.916625e+000
6.849651e+002	-1.917750e+000
6.842815e+002	-1.918500e+000
6.835979e+002	-1.920000e+000
6.829143e+002	-1.921125e+000
6.822307e+002	-1.921875e+000
6.815471e+002	-1.922625e+000
6.808635e+002	-1.924500e+000
6.801799e+002	-1.924875e+000
6.794963e+002	-1.926000e+000
6.788127e+002	-1.927875e+000
6.781291e+002	-1.928625e+000
6.774455e+002	-1.929375e+000
6.767619e+002	-1.930875e+000
6.760783e+002	-1.931250e+000
6.753947e+002	-1.932375e+000
6.747111e+002	-1.933500e+000
6.740275e+002	-1.935375e+000
6.733439e+002	-1.935750e+000
6.726603e+002	-1.937250e+000
6.719767e+002	-1.938000e+000
6.712932e+002	-1.938750e+000
6.706096e+002	-1.940250e+000
6.699260e+002	-1.941375e+000
6.692424e+002	-1.941750e+000
6.685588e+002	-1.943625e+000
6.678752e+002	-1.944750e+000
6.671916e+002	-1.945500e+000
6.665080e+002	-1.946625e+000
6.658244e+002	-1.948125e+000
6.651408e+002	-1.948875e+000
6.644572e+002	-1.950000e+000
6.637736e+002	-1.950750e+000
6.630900e+002	-1.952250e+000
6.624064e+002	-1.953375e+000
6.617228e+002	-1.954500e+000
6.610392e+002	-1.955250e+000
6.603556e+002	-1.956375e+000
6.596720e+002	-1.957500e+000
6.589884e+002	-1.959000e+000
6.583048e+002	-1.960125e+000
6.576212e+002	-1.961250e+000
6.569376e+002	-1.962000e+000
6.562540e+002	-1.963125e+000
6.555704e+002	-1.964250e+000
6.548868e+002	-1.965750e+000
6.542032e+002	-1.967250e+000
6.535196e+002	-1.968000e+000
6.528360e+002	-1.969125e+000
6.521524e+002	-1.970625e+000
6.514688e+002	-1.971375e+000
6.507852e+002	-1.972500e+000
6.501016e+002	-1.974000e+000
6.494180e+002	-1.975125e+000
6.487344e+002	-1.975500e+000
6.480508e+002	-1.976625e+000
6.473672e+002	-1.978500e+000
6.466836e+002	-1.979250e+000
6.460000e+002	-1.980375e+000
6.453164e+002	-1.981875e+000
6.446328e+002	-1.983000e+000
6.439492e+002	-1.984125e+000
6.432656e+002	-1.985250e+000
6.425820e+002	-1.986750e+000
6.418984e+002	-1.987875e+000
6.412148e+002	-1.989000e+000
6.405312e+002	-1.990875e+000
6.398476e+002	-1.991250e+000
6.391640e+002	-1.992750e+000
6.384804e+002	-1.993875e+000
6.377968e+002	-1.995000e+000
6.371132e+002	-1.996500e+000
6.364296e+002	-1.997625e+000
6.357460e+002	-1.998375e+000
6.350624e+002	-1.999875e+000
6.343788e+002	-2.001000e+000
6.336952e+002	-2.001750e+000
6.330116e+002	-2.004000e+000
6.323280e+002	-2.004750e+000
6.316444e+002	-2.005875e+000
6.309608e+002	-2.007000e+000
6.302772e+002	-2.008500e+000
6.295936e+002	-2.009625e+000
6.289100e+002	-2.010750e+000
6.282264e+002	-2.011875e+000
6.275428e+002	-2.012250e+000
6.268592e+002	-2.014125e+000
6.261756e+002	-2.015250e+000
6.254920e+002	-2.016375e+000
6.248084e+002	-2.017875e+000
6.241248e+002	-2.017875e+000
6.234412e+002	-2.019750e+000
6.227576e+002	-2.021250e+000
6.220740e+002	-2.022375e+000
6.213904e+002	-2.023500e+000
6.207068e+002	-2.024625e+000
6.200232e+002	-2.025375e+000
6.193396e+002	-2.026500e+000
6.186560e+002	-2.028750e+000
6.179724e+002	-2.029500e+000
6.172888e+002	-2.030250e+000
6.166052e+002	-2.031750e+000
6.159216e+002	-2.033250e+000
6.152380e+002	-2.034375e+000
6.145544e+002	-2.035875e+000
6.138708e+002	-2.037000e+000
6.131872e+002	-2.038125e+000
6.125036e+002	-2.038875e+000
6.118200e+002	-2.040375e+000
6.111364e+002	-2.041875e+000
6.104528e+002	-2.043000e+000
6.097692e+002	-2.043750e+000
6.090856e+002	-2.045250e+000
6.084020e+002	-2.046375e+000
6.077184e+002	-2.047500e+000
6.070348e+002	-2.048250e+000
6.063513e+002	-2.049375e+000
6.056677e+002	-2.051250e+000
6.049841e+002	-2.052000e+000
6.043005e+002	-2.053125e+000
6.036169e+002	-2.054625e+000
6.029333e+002	-2.055375e+000
6.022497e+002	-2.056125e+000
6.015661e+002	-2.058000e+000
6.008825e+002	-2.058750e+000
6.001989e+002	-2.060625e+000
5.995153e+002	-2.061375e+000
5.988317e+002	-2.062500e+000
5.981481e+002	-2.064375e+000
5.974645e+002	-2.064750e+000
5.967809e+002	-2.066250e+000
5.960973e+002	-2.067375e+000
5.954137e+002	-2.069250e+000
5.947301e+002	-2.070375e+000
5.940465e+002	-2.070750e+000
5.933629e+002	-2.072625e+000
5.926793e+002	-2.073750e+000
5.919957e+002	-2.074875e+000
5.913121e+002	-2.076750e+000
5.906285e+002	-2.077500e+000
5.899449e+002	-2.078625e+000
5.892613e+002	-2.079375e+000
5.885777e+002	-2.080875e+000
5.878941e+002	-2.082750e+000
5.872105e+002	-2.083875e+000
5.865269e+002	-2.084625e+000
5.858433e+002	-2.086125e+000
5.851597e+002	-2.088000e+000
5.844761e+002	-2.088375e+000
5.837925e+002	-2.089500e+000
5.831089e+002	-2.091000e+000
5.824253e+002	-2.092125e+000
5.817417e+002	-2.092875e+000
5.810581e+002	-2.094750e+000
5.803745e+002	-2.096250e+000
5.796909e+002	-2.096625e+000
5.790073e+002	-2.098125e+000
5.783237e+002	-2.099625e+000
5.776401e+002	-2.100750e+000
5.769565e+002	-2.101500e+000
5.762729e+002	-2.103375e+000
5.755893e+002	-2.103750e+000
5.749057e+002	-2.104500e+000
5.742221e+002	-2.106375e+000
5.735385e+002	-2.107875e+000
5.728549e+002	-2.108625e+000
5.721713e+002	-2.110125e+000
5.714877e+002	-2.110875e+000
5.708041e+002	-2.112375e+000
5.701205e+002	-2.113500e+000
5.694369e+002	-2.114625e+000
5.687533e+002	-2.116500e+000
5.680697e+002	-2.117250e+000
5.673861e+002	-2.118000e+000
5.667025e+002	-2.119500e+000
5.660189e+002	-2.121000e+000
5.653353e+002	-2.122500e+000
5.646517e+002	-2.123250e+000
5.639681e+002	-2.124750e+000
5.632845e+002	-2.125875e+000
5.626009e+002	-2.127000e+000
5.619173e+002	-2.128500e+000
5.612337e+002	-2.129625e+000
5.605501e+002	-2.131125e+000
5.598665e+002	-2.131875e+000
5.591829e+002	-2.133000e+000
5.584993e+002	-2.133750e+000
5.578157e+002	-2.135250e+000
5.571321e+002	-2.136375e+000
5.564485e+002	-2.137500e+000
5.557649e+002	-2.139000e+000
5.550813e+002	-2.140500e+000
5.543977e+002	-2.141250e+000
5.537141e+002	-2.142750e+000
5.530305e+002	-2.143500e+000
5.523469e+002	-2.144625e+000
5.516633e+002	-2.146500e+000
5.509797e+002	-2.147625e+000
5.502961e+002	-2.148750e+000
5.496125e+002	-2.150250e+000
5.489289e+002	-2.151375e+000
5.482453e+002	-2.152125e+000
5.475617e+002	-2.154000e+000
5.468781e+002	-2.154750e+000
5.461945e+002	-2.156250e+000
5.455109e+002	-2.158125e+000
5.448273e+002	-2.158500e+000
5.441437e+002	-2.160000e+000
5.434601e+002	-2.161875e+000
5.427765e+002	-2.162625e+000
5.420929e+002	-2.163750e+000
5.414093e+002	-2.165250e+000
5.407258e+002	-2.166000e+000
5.400422e+002	-2.166750e+000
5.393586e+002	-2.169000e+000
5.386750e+002	-2.169375e+000
5.379914e+002	-2.171250e+000
5.373078e+002	-2.172750e+000
5.366242e+002	-2.173875e+000
5.359406e+002	-2.174625e+000
5.352570e+002	-2.176500e+000
5.345734e+002	-2.177625e+000
5.338898e+002	-2.178375e+000
5.332062e+002	-2.179500e+000
5.325226e+002	-2.181000e+000
5.318390e+002	-2.181750e+000
5.311554e+002	-2.183250e+000
5.304718e+002	-2.184750e+000
5.297882e+002	-2.185500e+000
5.291046e+002	-2.187000e+000
5.284210e+002	-2.188500e+000
5.277374e+002	-2.189250e+000
5.270538e+002	-2.191500e+000
5.263702e+002	-2.192625e+000
5.256866e+002	-2.193375e+000
5.250030e+002	-2.194875e+000
5.243194e+002	-2.196375e+000
5.236358e+002	-2.197500e+000
5.229522e+002	-2.198625e+000
5.222686e+002	-2.199750e+000
5.215850e+002	-2.200500e+000
5.209014e+002	-2.202375e+000
5.202178e+002	-2.203500e+000
5.195342e+002	-2.203875e+000
5.188506e+002	-2.205750e+000
5.181670e+002	-2.206875e+000
5.174834e+002	-2.208000e+000
5.167998e+002	-2.208750e+000
5.161162e+002	-2.211000e+000
5.154326e+002	-2.211375e+000
5.147490e+002	-2.212875e+000
5.140654e+002	-2.214000e+000
5.133818e+002	-2.215125e+000
5.126982e+002	-2.215875e+000
5.120146e+002	-2.217375e+000
5.113310e+002	-2.218875e+000
5.106474e+002	-2.219625e+000
5.099638e+002	-2.221500e+000
5.092802e+002	-2.223000e+000
5.085966e+002	-2.223750e+000
5.079130e+002	-2.224500e+000
5.072294e+002	-2.226000e+000
5.065458e+002	-2.227125e+000
5.058622e+002	-2.228250e+000
5.051786e+002	-2.229750e+000
5.044950e+002	-2.231250e+000
5.038114e+002	-2.232750e+000
5.031278e+002	-2.233875e+000
5.024442e+002	-2.235000e+000
5.017606e+002	-2.236125e+000
5.010770e+002	-2.237625e+000
5.003934e+002	-2.239125e+000
4.997098e+002	-2.241000e+000
4.990262e+002	-2.241750e+000
4.983426e+002	-2.242500e+000
4.976590e+002	-2.244000e+000
4.969754e+002	-2.245125e+000
4.962918e+002	-2.245875e+000
4.956082e+002	-2.247375e+000
4.949246e+002	-2.248875e+000
4.942410e+002	-2.249625e+000
4.935574e+002	-2.251125e+000
4.928738e+002	-2.252625e+000
4.921902e+002	-2.253750e+000
4.915066e+002	-2.254875e+000
4.908230e+002	-2.256750e+000
4.901394e+002	-2.257875e+000
4.894558e+002	-2.258625e+000
4.887722e+002	-2.260125e+000
4.880886e+002	-2.261625e+000
4.874050e+002	-2.263125e+000
4.867214e+002	-2.263875e+000
4.860378e+002	-2.265375e+000
4.853542e+002	-2.266500e+000
4.846706e+002	-2.268000e+000
4.839870e+002	-2.268750e+000
4.833034e+002	-2.270250e+000
4.826198e+002	-2.271375e+000
4.819362e+002	-2.272500e+000
4.812526e+002	-2.273625e+000
4.805690e+002	-2.274750e+000
4.798854e+002	-2.276625e+000
4.792018e+002	-2.277375e+000
4.785182e+002	-2.278500e+000
4.778346e+002	-2.279625e+000
4.771510e+002	-2.280375e+000
4.764674e+002	-2.282250e+000
4.757838e+002	-2.283375e+000
4.751003e+002	-2.285250e+000
4.744167e+002	-2.286375e+000
4.737331e+002	-2.286750e+000
4.730495e+002	-2.287875e+000
4.723659e+002	-2.289375e+000
4.716823e+002	-2.290500e+000
4.709987e+002	-2.292375e+000
4.703151e+002	-2.293500e+000
4.696315e+002	-2.295000e+000
4.689479e+002	-2.296125e+000
4.682643e+002	-2.298375e+000
4.675807e+002	-2.298750e+000
4.668971e+002	-2.300250e+000
4.662135e+002	-2.301750e+000
4.655299e+002	-2.302875e+000
4.648463e+002	-2.304000e+000
4.641627e+002	-2.305125e+000
4.634791e+002	-2.307375e+000
4.627955e+002	-2.308125e+000
4.621119e+002	-2.309250e+000
4.614283e+002	-2.310000e+000
4.607447e+002	-2.311875e+000
4.600611e+002	-2.313375e+000
4.593775e+002	-2.314500e+000
4.586939e+002	-2.315250e+000
4.580103e+002	-2.316375e+000
4.573267e+002	-2.317500e+000
4.566431e+002	-2.318625e+000
4.559595e+002	-2.320125e+000
4.552759e+002	-2.321625e+000
4.545923e+002	-2.322750e+000
4.539087e+002	-2.323875e+000
4.532251e+002	-2.325375e+000
4.525415e+002	-2.326125e+000
4.518579e+002	-2.327625e+000
4.511743e+002	-2.329125e+000
4.504907e+002	-2.331000e+000
4.498071e+002	-2.331375e+000
4.491235e+002	-2.332875e+000
4.484399e+002	-2.334375e+000
4.477563e+002	-2.335875e+000
4.470727e+002	-2.337375e+000
4.463891e+002	-2.338500e+000
4.457055e+002	-2.339250e+000
4.450219e+002	-2.340375e+000
4.443383e+002	-2.341875e+000
4.436547e+002	-2.343375e+000
4.429711e+002	-2.344125e+000
4.422875e+002	-2.345250e+000
4.416039e+002	-2.346375e+000
4.409203e+002	-2.348250e+000
4.402367e+002	-2.349000e+000
4.395531e+002	-2.350500e+000
4.388695e+002	-2.351625e+000
4.381859e+002	-2.352750e+000
4.375023e+002	-2.354250e+000
4.368187e+002	-2.355750e+000
4.361351e+002	-2.357625e+000
4.354515e+002	-2.358000e+000
4.347679e+002	-2.358750e+000
4.340843e+002	-2.360250e+000
4.334007e+002	-2.361375e+000
4.327171e+002	-2.363250e+000
4.320335e+002	-2.364000e+000
4.313499e+002	-2.365875e+000
4.306663e+002	-2.366625e+000
4.299827e+002	-2.368125e+000
4.292991e+002	-2.369250e+000
4.286155e+002	-2.370375e+000
4.279319e+002	-2.371500e+000
4.272483e+002	-2.372625e+000
4.265647e+002	-2.374125e+000
4.258811e+002	-2.375250e+000
4.251975e+002	-2.376375e+000
4.245139e+002	-2.377875e+000
4.238303e+002	-2.379000e+000
4.231467e+002	-2.380125e+000
4.224631e+002	-2.380875e+000
4.217795e+002	-2.383500e+000
4.210959e+002	-2.384625e+000
4.204123e+002	-2.385375e+000
4.197287e+002	-2.387250e+000
4.190451e+002	-2.388000e+000
4.183615e+002	-2.389125e+000
4.176779e+002	-2.390250e+000
4.169943e+002	-2.391750e+000
4.163107e+002	-2.393250e+000
4.156271e+002	-2.394375e+000
4.149435e+002	-2.396250e+000
4.142599e+002	-2.397000e+000
4.135763e+002	-2.398500e+000
4.128927e+002	-2.399625e+000
4.122091e+002	-2.400375e+000
4.115255e+002	-2.402250e+000
4.108419e+002	-2.403375e+000
4.101583e+002	-2.404875e+000
4.094748e+002	-2.406375e+000
4.087912e+002	-2.407125e+000
4.081076e+002	-2.408625e+000
4.074240e+002	-2.409750e+000
4.067404e+002	-2.411250e+000
4.060568e+002	-2.412000e+000
4.053732e+002	-2.413125e+000
4.046896e+002	-2.414625e+000
4.040060e+002	-2.416125e+000
4.033224e+002	-2.416875e+000
4.026388e+002	-2.418000e+000
4.019552e+002	-2.419125e+000
4.012716e+002	-2.420625e+000
4.005880e+002	-2.421750e+000
3.999044e+002	-2.423250e+000
3.992208e+002	-2.424375e+000
3.985372e+002	-2.426250e+000
3.978536e+002	-2.427000e+000
3.971700e+002	-2.428500e+000
3.964864e+002	-2.430000e+000
3.958028e+002	-2.431125e+000
3.951192e+002	-2.432625e+000
3.944356e+002	-2.434125e+000
3.937520e+002	-2.434875e+000
3.930684e+002	-2.436750e+000
3.923848e+002	-2.437875e+000
3.917012e+002	-2.438625e+000
3.910176e+002	-2.440500e+000
3.903340e+002	-2.441250e+000
3.896504e+002	-2.442375e+000
3.889668e+002	-2.443125e+000
3.882832e+002	-2.445000e+000
3.875996e+002	-2.445375e+000
3.869160e+002	-2.448000e+000
3.862324e+002	-2.448750e+000
3.855488e+002	-2.449875e+000
3.848652e+002	-2.451375e+000
3.841816e+002	-2.452875e+000
3.834980e+002	-2.453250e+000
3.828144e+002	-2.455125e+000
3.821308e+002	-2.456625e+000
3.814472e+002	-2.457750e+000
3.807636e+002	-2.459625e+000
3.800800e+002	-2.460750e+000
3.793964e+002	-2.461875e+000
3.787128e+002	-2.463000e+000
3.780292e+002	-2.464500e+000
3.773456e+002	-2.466000e+000
3.766620e+002	-2.466375e+000
3.759784e+002	-2.467875e+000
3.752948e+002	-2.469750e+000
3.746112e+002	-2.470125e+000
3.739276e+002	-2.471625e+000
3.732440e+002	-2.473500e+000
3.725604e+002	-2.474250e+000
3.718768e+002	-2.476125e+000
3.711932e+002	-2.476875e+000
3.705096e+002	-2.478750e+000
3.698260e+002	-2.480250e+000
3.691424e+002	-2.481375e+000
3.684588e+002	-2.482500e+000
3.677752e+002	-2.484000e+000
3.670916e+002	-2.485125e+000
3.664080e+002	-2.486250e+000
3.657244e+002	-2.487375e+000
3.650408e+002	-2.488500e+000
3.643572e+002	-2.489625e+000
3.636736e+002	-2.491125e+000
3.629900e+002	-2.491875e+000
3.623064e+002	-2.493375e+000
3.616228e+002	-2.494875e+000
3.609392e+002	-2.496375e+000
3.602556e+002	-2.497500e+000
3.595720e+002	-2.498250e+000
3.588884e+002	-2.499750e+000
3.582048e+002	-2.501250e+000
3.575212e+002	-2.502375e+000
3.568376e+002	-2.503500e+000
3.561540e+002	-2.504625e+000
3.554704e+002	-2.506500e+000
3.547868e+002	-2.507250e+000
3.541032e+002	-2.508750e+000
3.534196e+002	-2.509875e+000
3.527360e+002	-2.511750e+000
3.520524e+002	-2.512125e+000
3.513688e+002	-2.514750e+000
3.506852e+002	-2.515875e+000
3.500016e+002	-2.516625e+000
3.493180e+002	-2.518125e+000
3.486344e+002	-2.518500e+000
3.479508e+002	-2.520000e+000
3.472672e+002	-2.522250e+000
3.465836e+002	-2.522625e+000
3.459000e+002	-2.524500e+000
3.452164e+002	-2.525250e+000
3.445329e+002	-2.526375e+000
3.438493e+002	-2.527500e+000
3.431657e+002	-2.529375e+000
3.424821e+002	-2.530875e+000
3.417985e+002	-2.531625e+000
3.411149e+002	-2.532750e+000
3.404313e+002	-2.534250e+000
3.397477e+002	-2.535750e+000
3.390641e+002	-2.536500e+000
3.383805e+002	-2.538375e+000
3.376969e+002	-2.539500e+000
3.370133e+002	-2.540625e+000
3.363297e+002	-2.542125e+000
3.356461e+002	-2.543250e+000
3.349625e+002	-2.544000e+000
3.342789e+002	-2.546250e+000
3.335953e+002	-2.547375e+000
3.329117e+002	-2.548125e+000
3.322281e+002	-2.549250e+000
3.315445e+002	-2.550375e+000
3.308609e+002	-2.551875e+000
3.301773e+002	-2.553750e+000
3.294937e+002	-2.554875e+000
3.288101e+002	-2.556000e+000
3.281265e+002	-2.557125e+000
3.274429e+002	-2.558625e+000
3.267593e+002	-2.560125e+000
3.260757e+002	-2.560875e+000
3.253921e+002	-2.561625e+000
3.247085e+002	-2.563500e+000
3.240249e+002	-2.564625e+000
3.233413e+002	-2.566500e+000
3.226577e+002	-2.567625e+000
3.219741e+002	-2.568000e+000
3.212905e+002	-2.569875e+000
3.206069e+002	-2.572125e+000
3.199233e+002	-2.572125e+000
3.192397e+002	-2.573625e+000
3.185561e+002	-2.575500e+000
3.178725e+002	-2.576250e+000
3.171889e+002	-2.577750e+000
3.165053e+002	-2.579250e+000
3.158217e+002	-2.580750e+000
3.151381e+002	-2.581500e+000
3.144545e+002	-2.583000e+000
3.137709e+002	-2.584125e+000
3.130873e+002	-2.585250e+000
3.124037e+002	-2.586750e+000
3.117201e+002	-2.588250e+000
3.110365e+002	-2.589375e+000
3.103529e+002	-2.591250e+000
3.096693e+002	-2.591625e+000
3.089857e+002	-2.593500e+000
3.083021e+002	-2.594625e+000
3.076185e+002	-2.596125e+000
3.069349e+002	-2.596875e+000
3.062513e+002	-2.598000e+000
3.055677e+002	-2.598750e+000
3.048841e+002	-2.600625e+000
3.042005e+002	-2.602500e+000
3.035169e+002	-2.603250e+000
3.028333e+002	-2.604000e+000
3.021497e+002	-2.605500e+000
3.014661e+002	-2.607000e+000
3.007825e+002	-2.608125e+000
3.000989e+002	-2.610000e+000
2.994153e+002	-2.610750e+000
2.987317e+002	-2.611875e+000
2.980481e+002	-2.613375e+000
2.973645e+002	-2.614500e+000
2.966809e+002	-2.616000e+000
2.959973e+002	-2.617500e+000
2.953137e+002	-2.618625e+000
2.946301e+002	-2.620125e+000
2.939465e+002	-2.621250e+000
2.932629e+002	-2.622375e+000
2.925793e+002	-2.623500e+000
2.918957e+002	-2.625000e+000
2.912121e+002	-2.625750e+000
2.905285e+002	-2.627250e+000
2.898449e+002	-2.628375e+000
2.891613e+002	-2.629875e+000
2.884777e+002	-2.631375e+000
2.877941e+002	-2.632500e+000
2.871105e+002	-2.634000e+000
2.864269e+002	-2.635125e+000
2.857433e+002	-2.636250e+000
2.850597e+002	-2.637750e+000
2.843761e+002	-2.638875e+000
2.836925e+002	-2.640000e+000
2.830089e+002	-2.641500e+000
2.823253e+002	-2.643000e+000
2.816417e+002	-2.643750e+000
2.809581e+002	-2.645625e+000
2.802745e+002	-2.646750e+000
2.795909e+002	-2.647875e+000
2.789074e+002	-2.649375e+000
2.782238e+002	-2.650500e+000
2.775402e+002	-2.651250e+000
2.768566e+002	-2.652375e+000
2.761730e+002	-2.654250e+000
2.754894e+002	-2.655375e+000
2.748058e+002	-2.656125e+000
2.741222e+002	-2.658000e+000
2.734386e+002	-2.659125e+000
2.727550e+002	-2.660250e+000
2.720714e+002	-2.661750e+000
2.713878e+002	-2.662875e+000
2.707042e+002	-2.664375e+000
2.700206e+002	-2.666250e+000
2.693370e+002	-2.667375e+000
2.686534e+002	-2.668500e+000
2.679698e+002	-2.669250e+000
2.672862e+002	-2.670375e+000
2.666026e+002	-2.671875e+000
2.659190e+002	-2.673375e+000
2.652354e+002	-2.674125e+000
2.645518e+002	-2.675625e+000
2.638682e+002	-2.676750e+000
2.631846e+002	-2.677875e+000
2.625010e+002	-2.679750e+000
2.618174e+002	-2.680500e+000
2.611338e+002	-2.682000e+000
2.604502e+002	-2.683500e+000
2.597666e+002	-2.684250e+000
2.590830e+002	-2.685750e+000
2.583994e+002	-2.687250e+000
2.577158e+002	-2.687625e+000
2.570322e+002	-2.689125e+000
2.563486e+002	-2.690625e+000
2.556650e+002	-2.691750e+000
2.549814e+002	-2.693250e+000
2.542978e+002	-2.694750e+000
2.536142e+002	-2.695500e+000
2.529306e+002	-2.697750e+000
2.522470e+002	-2.698500e+000
2.515634e+002	-2.699625e+000
2.508798e+002	-2.700750e+000
2.501962e+002	-2.702250e+000
2.495126e+002	-2.703375e+000
2.488290e+002	-2.704875e+000
2.481454e+002	-2.705625e+000
2.474618e+002	-2.707125e+000
2.467782e+002	-2.708250e+000
2.460946e+002	-2.709750e+000
2.454110e+002	-2.711250e+000
2.447274e+002	-2.712000e+000
2.440438e+002	-2.712750e+000
2.433602e+002	-2.714625e+000
2.426766e+002	-2.715750e+000
2.419930e+002	-2.716875e+000
2.413094e+002	-2.719125e+000
2.406258e+002	-2.719875e+000
2.399422e+002	-2.720625e+000
2.392586e+002	-2.722125e+000
2.385750e+002	-2.723250e+000
2.378914e+002	-2.724750e+000
2.372078e+002	-2.725875e+000
2.365242e+002	-2.727750e+000
2.358406e+002	-2.728500e+000
2.351570e+002	-2.730375e+000
2.344734e+002	-2.730750e+000
2.337898e+002	-2.732250e+000
2.331062e+002	-2.733750e+000
2.324226e+002	-2.734875e+000
2.317390e+002	-2.736000e+000
2.310554e+002	-2.737875e+000
2.303718e+002	-2.739000e+000
2.296882e+002	-2.740125e+000
2.290046e+002	-2.741250e+000
2.283210e+002	-2.743125e+000
2.276374e+002	-2.743875e+000
2.269538e+002	-2.745375e+000
2.262702e+002	-2.746125e+000
2.255866e+002	-2.748000e+000
2.249030e+002	-2.748750e+000
2.242194e+002	-2.749500e+000
2.235358e+002	-2.751375e+000
2.228522e+002	-2.752875e+000
2.221686e+002	-2.754000e+000
2.214850e+002	-2.755500e+000
2.208014e+002	-2.756250e+000
2.201178e+002	-2.757750e+000
2.194342e+002	-2.758500e+000
2.187506e+002	-2.760375e+000
2.180670e+002	-2.761500e+000
2.173834e+002	-2.763000e+000
2.166998e+002	-2.764125e+000
2.160162e+002	-2.765625e+000
2.153326e+002	-2.766375e+000
2.146490e+002	-2.768250e+000
2.139654e+002	-2.769750e+000
2.132819e+002	-2.770500e+000
2.125983e+002	-2.771625e+000
2.119147e+002	-2.772750e+000
2.112311e+002	-2.774250e+000
2.105475e+002	-2.775375e+000
2.098639e+002	-2.776875e+000
2.091803e+002	-2.778375e+000
2.084967e+002	-2.779125e+000
2.078131e+002	-2.780625e+000
2.071295e+002	-2.781000e+000
2.064459e+002	-2.782875e+000
2.057623e+002	-2.784750e+000
2.050787e+002	-2.785500e+000
2.043951e+002	-2.786625e+000
2.037115e+002	-2.788125e+000
2.030279e+002	-2.789250e+000
2.023443e+002	-2.791125e+000
2.016607e+002	-2.791875e+000
2.009771e+002	-2.793000e+000
2.002935e+002	-2.794500e+000
1.996099e+002	-2.795625e+000
1.989263e+002	-2.796750e+000
1.982427e+002	-2.797875e+000
1.975591e+002	-2.799000e+000
1.968755e+002	-2.800875e+000
1.961919e+002	-2.802000e+000
1.955083e+002	-2.803500e+000
1.948247e+002	-2.803125e+000
1.941411e+002	-2.805375e+000
1.934575e+002	-2.806875e+000
1.927739e+002	-2.808000e+000
1.920903e+002	-2.809125e+000
1.914067e+002	-2.810250e+000
1.907231e+002	-2.812125e+000
1.900395e+002	-2.812500e+000
1.893559e+002	-2.813625e+000
1.886723e+002	-2.815125e+000
1.879887e+002	-2.816250e+000
1.873051e+002	-2.817000e+000
1.866215e+002	-2.818875e+000
1.859379e+002	-2.820375e+000
1.852543e+002	-2.821125e+000
1.845707e+002	-2.822625e+000
1.838871e+002	-2.823750e+000
1.832035e+002	-2.825250e+000
1.825199e+002	-2.826000e+000
1.818363e+002	-2.827500e+000
1.811527e+002	-2.828625e+000
1.804691e+002	-2.829750e+000
1.797855e+002	-2.831250e+000
1.791019e+002	-2.832375e+000
1.784183e+002	-2.833500e+000
1.777347e+002	-2.834625e+000
1.770511e+002	-2.836125e+000
1.763675e+002	-2.837625e+000
1.756839e+002	-2.838750e+000
1.750003e+002	-2.839125e+000
1.743167e+002	-2.841000e+000
1.736331e+002	-2.841750e+000
1.729495e+002	-2.843250e+000
1.722659e+002	-2.844375e+000
1.715823e+002	-2.845875e+000
1.708987e+002	-2.847750e+000
1.702151e+002	-2.848125e+000
1.695315e+002	-2.849250e+000
1.688479e+002	-2.850375e+000
1.681643e+002	-2.851125e+000
1.674807e+002	-2.853375e+000
1.667971e+002	-2.853750e+000
1.661135e+002	-2.855625e+000
1.654299e+002	-2.856000e+000
1.647463e+002	-2.857875e+000
1.640627e+002	-2.859000e+000
1.633791e+002	-2.859750e+000
1.626955e+002	-2.860875e+000
1.620119e+002	-2.862375e+000
1.613283e+002	-2.863875e+000
1.606447e+002	-2.865375e+000
1.599611e+002	-2.866125e+000
1.592775e+002	-2.867250e+000
1.585939e+002	-2.868750e+000
1.579103e+002	-2.869875e+000
1.572267e+002	-2.871000e+000
1.565431e+002	-2.872125e+000
1.558595e+002	-2.874000e+000
1.551759e+002	-2.874750e+000
1.544923e+002	-2.875875e+000
1.538087e+002	-2.876625e+000
1.531251e+002	-2.877750e+000
1.524415e+002	-2.879250e+000
1.517579e+002	-2.880375e+000
1.510743e+002	-2.881500e+000
1.503907e+002	-2.883000e+000
1.497071e+002	-2.883750e+000
1.490235e+002	-2.884875e+000
1.483400e+002	-2.886750e+000
1.476564e+002	-2.887125e+000
1.469728e+002	-2.888625e+000
1.462892e+002	-2.889375e+000
1.456056e+002	-2.891250e+000
1.449220e+002	-2.892000e+000
1.442384e+002	-2.893125e+000
1.435548e+002	-2.894625e+000
1.428712e+002	-2.895375e+000
1.421876e+002	-2.896875e+000
1.415040e+002	-2.898000e+000
1.408204e+002	-2.899500e+000
1.401368e+002	-2.900250e+000
1.394532e+002	-2.901750e+000
1.387696e+002	-2.902875e+000
1.380860e+002	-2.904000e+000
1.374024e+002	-2.905125e+000
1.367188e+002	-2.906625e+000
1.360352e+002	-2.907750e+000
1.353516e+002	-2.908875e+000
1.346680e+002	-2.910375e+000
1.339844e+002	-2.910750e+000
1.333008e+002	-2.912250e+000
1.326172e+002	-2.913375e+000
1.319336e+002	-2.914125e+000
1.312500e+002	-2.916375e+000
1.305664e+002	-2.916750e+000
1.298828e+002	-2.917875e+000
1.291992e+002	-2.918625e+000
1.285156e+002	-2.919750e+000
1.278320e+002	-2.921625e+000
1.271484e+002	-2.923125e+000
1.264648e+002	-2.923875e+000
1.257812e+002	-2.924250e+000
1.250976e+002	-2.925750e+000
1.244140e+002	-2.927250e+000
1.237304e+002	-2.928000e+000
1.230468e+002	-2.928750e+000
1.223632e+002	-2.931000e+000
1.216796e+002	-2.931750e+000
1.209960e+002	-2.932875e+000
1.203124e+002	-2.934000e+000
1.196288e+002	-2.935125e+000
1.189452e+002	-2.935500e+000
1.182616e+002	-2.937750e+000
1.175780e+002	-2.938125e+000
1.168944e+002	-2.940000e+000
1.162108e+002	-2.940000e+000
1.155272e+002	-2.941875e+000
1.148437e+002	-2.942625e+000
1.141601e+002	-2.944125e+000
1.134765e+002	-2.945250e+000
1.127929e+002	-2.946000e+000
1.121093e+002	-2.947500e+000
1.114257e+002	-2.949000e+000
1.107421e+002	-2.949750e+000
1.100585e+002	-2.950875e+000
1.093749e+002	-2.951625e+000
1.086913e+002	-2.952750e+000
1.080077e+002	-2.953875e+000
1.073241e+002	-2.955750e+000
1.066405e+002	-2.957250e+000
1.059570e+002	-2.957250e+000
1.052734e+002	-2.958750e+000
1.045898e+002	-2.959875e+000
1.039062e+002	-2.961000e+000
1.032226e+002	-2.962125e+000
1.025390e+002	-2.963625e+000
1.018554e+002	-2.964750e+000
1.011718e+002	-2.965875e+000
1.004882e+002	-2.966625e+000
9.980463e+001	-2.967750e+000
9.912104e+001	-2.968875e+000
9.843745e+001	-2.970000e+000
9.775385e+001	-2.970375e+000
9.707026e+001	-2.971500e+000
9.638667e+001	-2.973000e+000
9.570308e+001	-2.974125e+000
9.501949e+001	-2.974875e+000
9.433590e+001	-2.976000e+000
9.365230e+001	-2.976750e+000
9.296871e+001	-2.977500e+000
9.228512e+001	-2.978625e+000
9.160153e+001	-2.980125e+000
9.091794e+001	-2.980875e+000
9.023434e+001	-2.981625e+000
8.955075e+001	-2.983125e+000
8.886716e+001	-2.983500e+000
8.818357e+001	-2.984625e+000
8.749998e+001	-2.985750e+000
8.681639e+001	-2.987250e+000
8.613279e+001	-2.988000e+000
8.544920e+001	-2.988375e+000
8.476561e+001	-2.990625e+000
8.408202e+001	-2.991375e+000
8.339843e+001	-2.992125e+000
8.271483e+001	-2.993625e+000
8.203124e+001	-2.993625e+000
8.134765e+001	-2.995125e+000
8.066406e+001	-2.995500e+000
7.998047e+001	-2.997000e+000
7.929687e+001	-2.998125e+000
7.861328e+001	-2.998500e+000
7.792969e+001	-3.000000e+000
7.724610e+001	-3.000750e+000
7.656251e+001	-3.001875e+000
7.587892e+001	-3.002625e+000
7.519532e+001	-3.003375e+000
7.451173e+001	-3.004875e+000
7.382814e+001	-3.005250e+000
7.314455e+001	-3.006375e+000
7.246096e+001	-3.006750e+000
7.177736e+001	-3.007875e+000
7.109377e+001	-3.008625e+000
7.041018e+001	-3.008625e+000
6.972659e+001	-3.009750e+000
6.904300e+001	-3.010125e+000
6.835941e+001	-3.010875e+000
6.767581e+001	-3.012000e+000
6.699222e+001	-3.012000e+000
6.630863e+001	-3.012750e+000
6.562504e+001	-3.013500e+000
6.494145e+001	-3.012750e+000
6.425785e+001	-3.009750e+000
6.357426e+001	-3.007875e+000
6.289067e+001	-3.007500e+000
6.220708e+001	-3.003000e+000
6.152349e+001	-2.999625e+000
6.083989e+001	-2.996625e+000
6.015630e+001	-2.992500e+000
5.947271e+001	-2.988375e+000
5.878911e+001	-2.984250e+000
5.810552e+001	-2.979375e+000
5.742192e+001	-2.973375e+000
5.673833e+001	-2.967000e+000
5.605473e+001	-2.958000e+000
5.537114e+001	-2.585625e+000
5.468754e+001	-2.428875e+000
5.400394e+001	-2.425125e+000
5.332035e+001	-2.423625e+000
5.263675e+001	-2.422125e+000
5.195316e+001	-2.422125e+000
5.126956e+001	-2.421375e+000
5.058597e+001	-2.421000e+000
4.990237e+001	-2.420250e+000
4.921878e+001	-2.419500e+000
4.853518e+001	-2.419500e+000
4.785159e+001	-2.418750e+000
4.716799e+001	-2.418000e+000
4.648439e+001	-2.418000e+000
4.580080e+001	-2.417250e+000
4.511720e+001	-2.417250e+000
4.443361e+001	-2.416500e+000
4.375001e+001	-2.416875e+000
4.306642e+001	-2.416500e+000
4.238282e+001	-2.416500e+000
4.169923e+001	-2.416500e+000
4.101563e+001	-2.415750e+000
4.033204e+001	-2.415750e+000
3.964844e+001	-2.415375e+000
3.896485e+001	-2.415375e+000
3.828125e+001	-2.415000e+000
3.759765e+001	-2.415000e+000
3.691406e+001	-2.414625e+000
3.623046e+001	-2.415375e+000
3.554687e+001	-2.415000e+000
3.486327e+001	-2.413875e+000
3.417968e+001	-2.414625e+000
3.349608e+001	-2.413875e+000
3.281249e+001	-2.413500e+000
3.212889e+001	-2.413500e+000
3.144530e+001	-2.413125e+000
3.076170e+001	-2.413125e+000
3.007811e+001	-2.412750e+000
2.939451e+001	-2.412000e+000
2.871092e+001	-2.412750e+000
2.802732e+001	-2.412000e+000
2.734373e+001	-2.412375e+000
2.666014e+001	-2.412000e+000
2.597654e+001	-2.411625e+000
2.529295e+001	-2.411625e+000
2.460936e+001	-2.411625e+000
2.392576e+001	-2.411250e+000
2.324217e+001	-2.410875e+000
2.255858e+001	-2.410125e+000
2.187498e+001	-2.410500e+000
2.119139e+001	-2.410125e+000
2.050779e+001	-2.410125e+000
1.982420e+001	-2.409375e+000
1.914061e+001	-2.409750e+000
1.845701e+001	-2.409750e+000
1.777342e+001	-2.409000e+000
1.708983e+001	-2.408250e+000
1.640623e+001	-2.407875e+000
1.572264e+001	-2.407875e+000
1.503905e+001	-2.407875e+000
1.435545e+001	-2.407875e+000
1.367186e+001	-2.407125e+000
1.298826e+001	-2.407500e+000
1.230467e+001	-2.406750e+000
1.162108e+001	-2.406750e+000
1.093748e+001	-2.406375e+000
1.025389e+001	-2.406750e+000
9.570297e+000	-2.406375e+000
8.886703e+000	-2.406375e+000
8.203109e+000	-2.405625e+000
7.519516e+000	-2.406375e+000
6.835922e+000	-2.405250e+000
6.152328e+000	-2.405625e+000
5.468735e+000	-2.404875e+000
4.785141e+000	-2.405250e+000
4.101548e+000	-2.404875e+000
3.417954e+000	-2.404875e+000
2.734360e+000	-2.404875e+000
2.050767e+000	-2.404875e+000
1.367173e+000	-2.404500e+000
6.835792e-001	-2.404500e+000
